State_ID,State_Name,Division_ID,Division_Name,District_Name,District_ID,Block_ID,Block_Name,Present_in_IMD_Agromet
1,Andhra Pradesh,195,Zone 1,Srikakulam,101.0,684,Amadalavalasa,True
1,Andhra Pradesh,195,Zone 1,Srikakulam,101.0,685,Bhamini,True
1,Andhra Pradesh,195,Zone 1,Srikakulam,101.0,686,Burja,True
1,Andhra Pradesh,195,Zone 1,Srikakulam,101.0,687,Etcherla,True
1,Andhra Pradesh,195,Zone 1,Srikakulam,101.0,688,Ganguvarisigadam,True
1,Andhra Pradesh,195,Zone 1,Srikakulam,101.0,689,Gara,True
1,Andhra Pradesh,195,Zone 1,Srikakulam,101.0,690,Hiramandalam,True
1,Andhra Pradesh,195,Zone 1,Srikakulam,101.0,691,Ichchapuram,True
1,Andhra Pradesh,195,Zone 1,Srikakulam,101.0,692,Jalumuru,True
1,Andhra Pradesh,195,Zone 1,Srikakulam,101.0,693,Kanchili,True
1,Andhra Pradesh,195,Zone 1,Srikakulam,101.0,694,Kaviti,True
1,Andhra Pradesh,195,Zone 1,Srikakulam,101.0,695,Kotabommili,True
1,Andhra Pradesh,195,Zone 1,Srikakulam,101.0,696,Kothuru,True
1,Andhra Pradesh,195,Zone 1,Srikakulam,101.0,697,Laveru,True
1,Andhra Pradesh,195,Zone 1,Srikakulam,101.0,698,Laxminarasupeta,True
1,Andhra Pradesh,195,Zone 1,Srikakulam,101.0,699,Mandasa,True
1,Andhra Pradesh,195,Zone 1,Srikakulam,101.0,700,Meliaputtu,True
1,Andhra Pradesh,195,Zone 1,Srikakulam,101.0,701,Nandigam,True
1,Andhra Pradesh,195,Zone 1,Srikakulam,101.0,702,Narasannapeta,True
1,Andhra Pradesh,195,Zone 1,Srikakulam,101.0,703,Palakonda,True
1,Andhra Pradesh,195,Zone 1,Srikakulam,101.0,704,Palasa,True
1,Andhra Pradesh,195,Zone 1,Srikakulam,101.0,705,Pathapatnam,True
1,Andhra Pradesh,195,Zone 1,Srikakulam,101.0,706,Polaki,True
1,Andhra Pradesh,195,Zone 1,Srikakulam,101.0,707,Ponduru,True
1,Andhra Pradesh,195,Zone 1,Srikakulam,101.0,708,Rajam,True
1,Andhra Pradesh,195,Zone 1,Srikakulam,101.0,709,Ranasthalam,True
1,Andhra Pradesh,195,Zone 1,Srikakulam,101.0,710,Regidi Amadalavalasa,True
1,Andhra Pradesh,195,Zone 1,Srikakulam,101.0,711,Santhabommali,True
1,Andhra Pradesh,195,Zone 1,Srikakulam,101.0,712,Santhakaviti,True
1,Andhra Pradesh,195,Zone 1,Srikakulam,101.0,713,Saravakota,True
1,Andhra Pradesh,195,Zone 1,Srikakulam,101.0,714,Sarubujjili,True
1,Andhra Pradesh,195,Zone 1,Srikakulam,101.0,715,Seethampeta,True
1,Andhra Pradesh,195,Zone 1,Srikakulam,101.0,716,Sompeta,True
1,Andhra Pradesh,195,Zone 1,Srikakulam,101.0,717,Srikakulam,True
1,Andhra Pradesh,195,Zone 1,Srikakulam,101.0,718,Tekkali,True
1,Andhra Pradesh,195,Zone 1,Srikakulam,101.0,719,Vajrapukothuru,True
1,Andhra Pradesh,195,Zone 1,Srikakulam,101.0,720,Vangara,True
1,Andhra Pradesh,195,Zone 1,Srikakulam,101.0,721,Veeraghattam,True
1,Andhra Pradesh,195,Zone 1,Visakhapatnam,103.0,722,Anakapalle,True
1,Andhra Pradesh,195,Zone 1,Visakhapatnam,103.0,723,Anandapuram,True
1,Andhra Pradesh,195,Zone 1,Visakhapatnam,103.0,724,Ananthagiri,True
1,Andhra Pradesh,195,Zone 1,Visakhapatnam,103.0,725,Araku valley,True
1,Andhra Pradesh,195,Zone 1,Visakhapatnam,103.0,726,Atchutapuram,True
1,Andhra Pradesh,195,Zone 1,Visakhapatnam,103.0,727,Bheemunipatnam,True
1,Andhra Pradesh,195,Zone 1,Visakhapatnam,103.0,728,Butchayyapeta,True
1,Andhra Pradesh,195,Zone 1,Visakhapatnam,103.0,729,Cheedikada,True
1,Andhra Pradesh,195,Zone 1,Visakhapatnam,103.0,730,Chintapalle,True
1,Andhra Pradesh,195,Zone 1,Visakhapatnam,103.0,731,Chodavaram,True
1,Andhra Pradesh,195,Zone 1,Visakhapatnam,103.0,732,Devarapalle,True
1,Andhra Pradesh,195,Zone 1,Visakhapatnam,103.0,733,Dumbriguda,True
1,Andhra Pradesh,195,Zone 1,Visakhapatnam,103.0,734,G.madugula,True
1,Andhra Pradesh,195,Zone 1,Visakhapatnam,103.0,735,Gajuwaka,True
1,Andhra Pradesh,195,Zone 1,Visakhapatnam,103.0,736,Golugonda,True
1,Andhra Pradesh,195,Zone 1,Visakhapatnam,103.0,737,Gudem kotha veedhi,True
1,Andhra Pradesh,195,Zone 1,Visakhapatnam,103.0,738,Hukumpeta,True
1,Andhra Pradesh,195,Zone 1,Visakhapatnam,103.0,739,K.Kotapadu,True
1,Andhra Pradesh,195,Zone 1,Visakhapatnam,103.0,740,Kasimkota,True
1,Andhra Pradesh,195,Zone 1,Visakhapatnam,103.0,741,Kotauratla,True
1,Andhra Pradesh,195,Zone 1,Visakhapatnam,103.0,742,Koyyuru,True
1,Andhra Pradesh,195,Zone 1,Visakhapatnam,103.0,743,Madugula,True
1,Andhra Pradesh,195,Zone 1,Visakhapatnam,103.0,744,Makavarapalem,True
1,Andhra Pradesh,195,Zone 1,Visakhapatnam,103.0,745,Munagapaka,True
1,Andhra Pradesh,195,Zone 1,Visakhapatnam,103.0,746,Munchingi puttu,True
1,Andhra Pradesh,195,Zone 1,Visakhapatnam,103.0,747,Nakkapalle,True
1,Andhra Pradesh,195,Zone 1,Visakhapatnam,103.0,748,Narsipatnam,True
1,Andhra Pradesh,195,Zone 1,Visakhapatnam,103.0,749,Nathavaram,True
1,Andhra Pradesh,195,Zone 1,Visakhapatnam,103.0,750,Paderu,True
1,Andhra Pradesh,195,Zone 1,Visakhapatnam,103.0,751,Padmanabham,True
1,Andhra Pradesh,195,Zone 1,Visakhapatnam,103.0,752,Paravada,True
1,Andhra Pradesh,195,Zone 1,Visakhapatnam,103.0,753,Payakaraopeta,True
1,Andhra Pradesh,195,Zone 1,Visakhapatnam,103.0,754,Peda bayalu,True
1,Andhra Pradesh,195,Zone 1,Visakhapatnam,103.0,755,Pedagantyada,True
1,Andhra Pradesh,195,Zone 1,Visakhapatnam,103.0,756,Pendurthi,True
1,Andhra Pradesh,195,Zone 1,Visakhapatnam,103.0,757,Rambilli,True
1,Andhra Pradesh,195,Zone 1,Visakhapatnam,103.0,758,Ravikamatham,True
1,Andhra Pradesh,195,Zone 1,Visakhapatnam,103.0,759,Rolugunta,True
1,Andhra Pradesh,195,Zone 1,Visakhapatnam,103.0,760,S.Rayavaram,True
1,Andhra Pradesh,195,Zone 1,Visakhapatnam,103.0,761,Sabbavaram,True
1,Andhra Pradesh,195,Zone 1,Visakhapatnam,103.0,762,Visakhapatnam (Rural),True
1,Andhra Pradesh,195,Zone 1,Visakhapatnam,103.0,763,Visakhapatnam (Urban),True
1,Andhra Pradesh,195,Zone 1,Visakhapatnam,103.0,764,Yelamanchili,True
1,Andhra Pradesh,195,Zone 1,Vizianagaram,102.0,765,Badangi,True
1,Andhra Pradesh,195,Zone 1,Vizianagaram,102.0,766,Balijipeta,True
1,Andhra Pradesh,195,Zone 1,Vizianagaram,102.0,767,Bhogapuram,True
1,Andhra Pradesh,195,Zone 1,Vizianagaram,102.0,768,Bobbili,True
1,Andhra Pradesh,195,Zone 1,Vizianagaram,102.0,769,Bondapalle,True
1,Andhra Pradesh,195,Zone 1,Vizianagaram,102.0,770,Cheepurupalle,True
1,Andhra Pradesh,195,Zone 1,Vizianagaram,102.0,771,Dathirajeru,True
1,Andhra Pradesh,195,Zone 1,Vizianagaram,102.0,772,Denkada,True
1,Andhra Pradesh,195,Zone 1,Vizianagaram,102.0,773,Gajapathinagaram,True
1,Andhra Pradesh,195,Zone 1,Vizianagaram,102.0,774,Gantyada,True
1,Andhra Pradesh,195,Zone 1,Vizianagaram,102.0,775,Garividi,True
1,Andhra Pradesh,195,Zone 1,Vizianagaram,102.0,776,Garugubilli,True
1,Andhra Pradesh,195,Zone 1,Vizianagaram,102.0,777,Gummalakshmipuram,True
1,Andhra Pradesh,195,Zone 1,Vizianagaram,102.0,778,Gurla,True
1,Andhra Pradesh,195,Zone 1,Vizianagaram,102.0,779,Jami,True
1,Andhra Pradesh,195,Zone 1,Vizianagaram,102.0,780,Jiyyammavalasa,True
1,Andhra Pradesh,195,Zone 1,Vizianagaram,102.0,781,Komarada,True
1,Andhra Pradesh,195,Zone 1,Vizianagaram,102.0,782,Kothavalasa,True
1,Andhra Pradesh,195,Zone 1,Vizianagaram,102.0,783,Kurupam,True
1,Andhra Pradesh,195,Zone 1,Vizianagaram,102.0,784,Lakkavarapukota,True
1,Andhra Pradesh,195,Zone 1,Vizianagaram,102.0,785,Makkuva,True
1,Andhra Pradesh,195,Zone 1,Vizianagaram,102.0,786,Mentada,True
1,Andhra Pradesh,195,Zone 1,Vizianagaram,102.0,787,Merakamudidam,True
1,Andhra Pradesh,195,Zone 1,Vizianagaram,102.0,788,Nellimarla,True
1,Andhra Pradesh,195,Zone 1,Vizianagaram,102.0,789,Pachipenta,True
1,Andhra Pradesh,195,Zone 1,Vizianagaram,102.0,790,Parvathipuram,True
1,Andhra Pradesh,195,Zone 1,Vizianagaram,102.0,791,Pusapatirega,True
1,Andhra Pradesh,195,Zone 1,Vizianagaram,102.0,792,Ramabhadrapuram,True
1,Andhra Pradesh,195,Zone 1,Vizianagaram,102.0,793,Salur,True
1,Andhra Pradesh,195,Zone 1,Vizianagaram,102.0,794,Seethanagaram,True
1,Andhra Pradesh,195,Zone 1,Vizianagaram,102.0,795,Srungavarapukota,True
1,Andhra Pradesh,195,Zone 1,Vizianagaram,102.0,796,Therlam,True
1,Andhra Pradesh,195,Zone 1,Vizianagaram,102.0,797,Vepada,True
1,Andhra Pradesh,195,Zone 1,Vizianagaram,102.0,798,Vizianagaram,True
1,Andhra Pradesh,196,Zone 2,East Godavari,104.0,799,Addateegala,True
1,Andhra Pradesh,196,Zone 2,East Godavari,104.0,800,Ainavilli,True
1,Andhra Pradesh,196,Zone 2,East Godavari,104.0,801,Alamuru,True
1,Andhra Pradesh,196,Zone 2,East Godavari,104.0,802,Allavaram,True
1,Andhra Pradesh,196,Zone 2,East Godavari,104.0,803,Amalapuram,True
1,Andhra Pradesh,196,Zone 2,East Godavari,104.0,804,Ambajipeta,True
1,Andhra Pradesh,196,Zone 2,East Godavari,104.0,805,Anaparthy,True
1,Andhra Pradesh,196,Zone 2,East Godavari,104.0,806,Atreyapuram,True
1,Andhra Pradesh,196,Zone 2,East Godavari,104.0,807,Biccavolu,True
1,Andhra Pradesh,196,Zone 2,East Godavari,104.0,808,Chintur,True
1,Andhra Pradesh,196,Zone 2,East Godavari,104.0,809,Devipatnam,True
1,Andhra Pradesh,196,Zone 2,East Godavari,104.0,810,Gandepalle,True
1,Andhra Pradesh,196,Zone 2,East Godavari,104.0,811,Gangavaram,True
1,Andhra Pradesh,196,Zone 2,East Godavari,104.0,812,Gokavaram,True
1,Andhra Pradesh,196,Zone 2,East Godavari,104.0,813,Gollaprolu,True
1,Andhra Pradesh,196,Zone 2,East Godavari,104.0,814,I. Polavaram,True
1,Andhra Pradesh,196,Zone 2,East Godavari,104.0,815,Jaggampeta,True
1,Andhra Pradesh,196,Zone 2,East Godavari,104.0,816,Kadiam,True
1,Andhra Pradesh,196,Zone 2,East Godavari,104.0,817,Kajuluru,True
1,Andhra Pradesh,196,Zone 2,East Godavari,104.0,818,Kakinada (U),True
1,Andhra Pradesh,196,Zone 2,East Godavari,104.0,819,Kakinada Rural,True
1,Andhra Pradesh,196,Zone 2,East Godavari,104.0,820,Kapileswarapuram,True
1,Andhra Pradesh,196,Zone 2,East Godavari,104.0,821,Karapa,True
1,Andhra Pradesh,196,Zone 2,East Godavari,104.0,822,Katrenikona,True
1,Andhra Pradesh,196,Zone 2,East Godavari,104.0,823,Kirlampudi,True
1,Andhra Pradesh,196,Zone 2,East Godavari,104.0,824,Korukonda,True
1,Andhra Pradesh,196,Zone 2,East Godavari,104.0,825,Kotananduru,True
1,Andhra Pradesh,196,Zone 2,East Godavari,104.0,826,Kothapalle,True
1,Andhra Pradesh,196,Zone 2,East Godavari,104.0,827,Kothapeta,True
1,Andhra Pradesh,196,Zone 2,East Godavari,104.0,828,Kunavaram,True
1,Andhra Pradesh,196,Zone 2,East Godavari,104.0,829,Malikipuram,True
1,Andhra Pradesh,196,Zone 2,East Godavari,104.0,830,Mamidikuduru,True
1,Andhra Pradesh,196,Zone 2,East Godavari,104.0,831,Mandapeta,True
1,Andhra Pradesh,196,Zone 2,East Godavari,104.0,832,Maredumilli,True
1,Andhra Pradesh,196,Zone 2,East Godavari,104.0,833,Mummidivaram,True
1,Andhra Pradesh,196,Zone 2,East Godavari,104.0,834,Nellipaka,True
1,Andhra Pradesh,196,Zone 2,East Godavari,104.0,835,P.Gannavaram,True
1,Andhra Pradesh,196,Zone 2,East Godavari,104.0,836,Pamarru,True
1,Andhra Pradesh,196,Zone 2,East Godavari,104.0,837,Pedapudi,True
1,Andhra Pradesh,196,Zone 2,East Godavari,104.0,838,Peddapuram,True
1,Andhra Pradesh,196,Zone 2,East Godavari,104.0,839,Pithapuram,True
1,Andhra Pradesh,196,Zone 2,East Godavari,104.0,840,Prathipadu,True
1,Andhra Pradesh,196,Zone 2,East Godavari,104.0,841,Rajahmundry (U),True
1,Andhra Pradesh,196,Zone 2,East Godavari,104.0,842,Rajahmundry Rural,True
1,Andhra Pradesh,196,Zone 2,East Godavari,104.0,843,Rajanagaram,True
1,Andhra Pradesh,196,Zone 2,East Godavari,104.0,844,Rajavommangi,True
1,Andhra Pradesh,196,Zone 2,East Godavari,104.0,845,Ramachandrapuram,True
1,Andhra Pradesh,196,Zone 2,East Godavari,104.0,846,Rampachodavaram,True
1,Andhra Pradesh,196,Zone 2,East Godavari,104.0,847,Rangampeta,True
1,Andhra Pradesh,196,Zone 2,East Godavari,104.0,848,Ravulapalem,True
1,Andhra Pradesh,196,Zone 2,East Godavari,104.0,849,Rayavaram,True
1,Andhra Pradesh,196,Zone 2,East Godavari,104.0,850,Razole,True
1,Andhra Pradesh,196,Zone 2,East Godavari,104.0,851,Sakhinetipalle,True
1,Andhra Pradesh,196,Zone 2,East Godavari,104.0,852,Samalkota,True
1,Andhra Pradesh,196,Zone 2,East Godavari,104.0,853,Sankhavaram,True
1,Andhra Pradesh,196,Zone 2,East Godavari,104.0,854,Seethanagaram,True
1,Andhra Pradesh,196,Zone 2,East Godavari,104.0,855,Thallarevu,True
1,Andhra Pradesh,196,Zone 2,East Godavari,104.0,856,Thondangi,True
1,Andhra Pradesh,196,Zone 2,East Godavari,104.0,857,Tuni,True
1,Andhra Pradesh,196,Zone 2,East Godavari,104.0,858,Uppalaguptam,True
1,Andhra Pradesh,196,Zone 2,East Godavari,104.0,859,Vararamachandrapuram,True
1,Andhra Pradesh,196,Zone 2,East Godavari,104.0,860,Y. Ramavaram,True
1,Andhra Pradesh,196,Zone 2,East Godavari,104.0,861,Yeleswaram,True
1,Andhra Pradesh,196,Zone 2,Krishna,106.0,862,A.Konduru,True
1,Andhra Pradesh,196,Zone 2,Krishna,106.0,863,Agiripalle,True
1,Andhra Pradesh,196,Zone 2,Krishna,106.0,864,Avanigadda,True
1,Andhra Pradesh,196,Zone 2,Krishna,106.0,865,Bantumilli,True
1,Andhra Pradesh,196,Zone 2,Krishna,106.0,866,Bapulapadu,True
1,Andhra Pradesh,196,Zone 2,Krishna,106.0,867,Challapalle,True
1,Andhra Pradesh,196,Zone 2,Krishna,106.0,868,Chandarlapadu,True
1,Andhra Pradesh,196,Zone 2,Krishna,106.0,869,Chatrai,True
1,Andhra Pradesh,196,Zone 2,Krishna,106.0,870,G.Konduru,True
1,Andhra Pradesh,196,Zone 2,Krishna,106.0,871,Gampalagudem,True
1,Andhra Pradesh,196,Zone 2,Krishna,106.0,872,Gannavaram,True
1,Andhra Pradesh,196,Zone 2,Krishna,106.0,873,Ghantasala,True
1,Andhra Pradesh,196,Zone 2,Krishna,106.0,874,Gudivada,True
1,Andhra Pradesh,196,Zone 2,Krishna,106.0,875,Gudlavalleru,True
1,Andhra Pradesh,196,Zone 2,Krishna,106.0,876,Guduru,True
1,Andhra Pradesh,196,Zone 2,Krishna,106.0,877,Ibrahimpatnam,True
1,Andhra Pradesh,196,Zone 2,Krishna,106.0,878,Jaggayyapeta,True
1,Andhra Pradesh,196,Zone 2,Krishna,106.0,879,Kaikalur,True
1,Andhra Pradesh,196,Zone 2,Krishna,106.0,880,Kalidindi,True
1,Andhra Pradesh,196,Zone 2,Krishna,106.0,881,Kanchikacherla,True
1,Andhra Pradesh,196,Zone 2,Krishna,106.0,882,Kankipadu,True
1,Andhra Pradesh,196,Zone 2,Krishna,106.0,883,Koduru,True
1,Andhra Pradesh,196,Zone 2,Krishna,106.0,884,Kruthivennu,True
1,Andhra Pradesh,196,Zone 2,Krishna,106.0,885,Machilipatnam,True
1,Andhra Pradesh,196,Zone 2,Krishna,106.0,886,Mandavalli,True
1,Andhra Pradesh,196,Zone 2,Krishna,106.0,887,Mopidevi,True
1,Andhra Pradesh,196,Zone 2,Krishna,106.0,888,Movva,True
1,Andhra Pradesh,196,Zone 2,Krishna,106.0,889,Mudinepalle,True
1,Andhra Pradesh,196,Zone 2,Krishna,106.0,890,Musunuru,True
1,Andhra Pradesh,196,Zone 2,Krishna,106.0,891,Mylavaram,True
1,Andhra Pradesh,196,Zone 2,Krishna,106.0,892,Nagayalanka,True
1,Andhra Pradesh,196,Zone 2,Krishna,106.0,893,Nandigama,True
1,Andhra Pradesh,196,Zone 2,Krishna,106.0,894,Nandivada,True
1,Andhra Pradesh,196,Zone 2,Krishna,106.0,895,Nuzvid,True
1,Andhra Pradesh,196,Zone 2,Krishna,106.0,896,Pamarru,True
1,Andhra Pradesh,196,Zone 2,Krishna,106.0,897,Pamidimukkala,True
1,Andhra Pradesh,196,Zone 2,Krishna,106.0,898,Pedana,True
1,Andhra Pradesh,196,Zone 2,Krishna,106.0,899,Pedaparupudi,True
1,Andhra Pradesh,196,Zone 2,Krishna,106.0,900,Penamaluru,True
1,Andhra Pradesh,196,Zone 2,Krishna,106.0,901,Penuganchiprolu,True
1,Andhra Pradesh,196,Zone 2,Krishna,106.0,902,Reddigudem,True
1,Andhra Pradesh,196,Zone 2,Krishna,106.0,903,Thotlavalluru,True
1,Andhra Pradesh,196,Zone 2,Krishna,106.0,904,Tiruvuru,True
1,Andhra Pradesh,196,Zone 2,Krishna,106.0,905,Unguturu,True
1,Andhra Pradesh,196,Zone 2,Krishna,106.0,906,Vatsavai,True
1,Andhra Pradesh,196,Zone 2,Krishna,106.0,907,Veerullapadu,True
1,Andhra Pradesh,196,Zone 2,Krishna,106.0,908,Vijayawada (Rural),True
1,Andhra Pradesh,196,Zone 2,Krishna,106.0,909,Vijayawada (Urban),True
1,Andhra Pradesh,196,Zone 2,Krishna,106.0,910,Vissannapeta,True
1,Andhra Pradesh,196,Zone 2,Krishna,106.0,911,Vuyyuru,True
1,Andhra Pradesh,196,Zone 2,West Godavari,105.0,912,Achanta,True
1,Andhra Pradesh,196,Zone 2,West Godavari,105.0,913,Akividu,True
1,Andhra Pradesh,196,Zone 2,West Godavari,105.0,914,Attili,True
1,Andhra Pradesh,196,Zone 2,West Godavari,105.0,915,Bhimadole,True
1,Andhra Pradesh,196,Zone 2,West Godavari,105.0,916,Bhimavaram,True
1,Andhra Pradesh,196,Zone 2,West Godavari,105.0,917,Burgumpahad,True
1,Andhra Pradesh,196,Zone 2,West Godavari,105.0,918,Buttayagudem,True
1,Andhra Pradesh,196,Zone 2,West Godavari,105.0,919,Chagallu,True
1,Andhra Pradesh,196,Zone 2,West Godavari,105.0,920,Chintalapudi,True
1,Andhra Pradesh,196,Zone 2,West Godavari,105.0,921,Denduluru,True
1,Andhra Pradesh,196,Zone 2,West Godavari,105.0,922,Devarapalle,True
1,Andhra Pradesh,196,Zone 2,West Godavari,105.0,923,Dwarakatirumala,True
1,Andhra Pradesh,196,Zone 2,West Godavari,105.0,924,Elamanchili,True
1,Andhra Pradesh,196,Zone 2,West Godavari,105.0,925,Eluru,True
1,Andhra Pradesh,196,Zone 2,West Godavari,105.0,926,Ganapavaram,True
1,Andhra Pradesh,196,Zone 2,West Godavari,105.0,927,Gopalapuram,True
1,Andhra Pradesh,196,Zone 2,West Godavari,105.0,928,Iragavaram,True
1,Andhra Pradesh,196,Zone 2,West Godavari,105.0,929,Jangareddigudem,True
1,Andhra Pradesh,196,Zone 2,West Godavari,105.0,930,Jeelugu milli,True
1,Andhra Pradesh,196,Zone 2,West Godavari,105.0,931,Kalla,True
1,Andhra Pradesh,196,Zone 2,West Godavari,105.0,932,Kamavarapukota,True
1,Andhra Pradesh,196,Zone 2,West Godavari,105.0,933,Kovvur,True
1,Andhra Pradesh,196,Zone 2,West Godavari,105.0,934,Koyyalagudem,True
1,Andhra Pradesh,196,Zone 2,West Godavari,105.0,935,Kukunoor,True
1,Andhra Pradesh,196,Zone 2,West Godavari,105.0,936,Lingapalem,True
1,Andhra Pradesh,196,Zone 2,West Godavari,105.0,937,Mogaltur,True
1,Andhra Pradesh,196,Zone 2,West Godavari,105.0,938,Nallajerla,True
1,Andhra Pradesh,196,Zone 2,West Godavari,105.0,939,Narsapur,True
1,Andhra Pradesh,196,Zone 2,West Godavari,105.0,940,Nidadavole,True
1,Andhra Pradesh,196,Zone 2,West Godavari,105.0,941,Nidamarru,True
1,Andhra Pradesh,196,Zone 2,West Godavari,105.0,942,Palacoderu,True
1,Andhra Pradesh,196,Zone 2,West Godavari,105.0,943,Palacole,True
1,Andhra Pradesh,196,Zone 2,West Godavari,105.0,944,Pedapadu,True
1,Andhra Pradesh,196,Zone 2,West Godavari,105.0,945,Pedavegi,True
1,Andhra Pradesh,196,Zone 2,West Godavari,105.0,946,Pentapadu,True
1,Andhra Pradesh,196,Zone 2,West Godavari,105.0,947,Penugonda,True
1,Andhra Pradesh,196,Zone 2,West Godavari,105.0,948,Penumantra,True
1,Andhra Pradesh,196,Zone 2,West Godavari,105.0,949,Peravali,True
1,Andhra Pradesh,196,Zone 2,West Godavari,105.0,950,Poduru,True
1,Andhra Pradesh,196,Zone 2,West Godavari,105.0,951,Polavaram,True
1,Andhra Pradesh,196,Zone 2,West Godavari,105.0,952,T.Narasapuram,True
1,Andhra Pradesh,196,Zone 2,West Godavari,105.0,953,Tadepalligudem,True
1,Andhra Pradesh,196,Zone 2,West Godavari,105.0,954,Tallapudi,True
1,Andhra Pradesh,196,Zone 2,West Godavari,105.0,955,Tanuku,True
1,Andhra Pradesh,196,Zone 2,West Godavari,105.0,956,Undi,True
1,Andhra Pradesh,196,Zone 2,West Godavari,105.0,957,Undrajavaram,True
1,Andhra Pradesh,196,Zone 2,West Godavari,105.0,958,Unguturu,True
1,Andhra Pradesh,196,Zone 2,West Godavari,105.0,959,Veeravasaram,True
1,Andhra Pradesh,196,Zone 2,West Godavari,105.0,960,Velairpad,True
1,Andhra Pradesh,197,Zone 3,Guntur,107.0,961,Amaravathi,True
1,Andhra Pradesh,197,Zone 3,Guntur,107.0,962,Amruthalur,True
1,Andhra Pradesh,197,Zone 3,Guntur,107.0,963,Atchampet,True
1,Andhra Pradesh,197,Zone 3,Guntur,107.0,964,Bapatla,True
1,Andhra Pradesh,197,Zone 3,Guntur,107.0,965,Bellamkonda,True
1,Andhra Pradesh,197,Zone 3,Guntur,107.0,966,Bhattiprolu,True
1,Andhra Pradesh,197,Zone 3,Guntur,107.0,967,Bollapalle,True
1,Andhra Pradesh,197,Zone 3,Guntur,107.0,968,Chebrolu,True
1,Andhra Pradesh,197,Zone 3,Guntur,107.0,969,Cherukupalle H/o Arumbaka,True
1,Andhra Pradesh,197,Zone 3,Guntur,107.0,970,Chilakaluripet H/o.Purushotha Patnam,True
1,Andhra Pradesh,197,Zone 3,Guntur,107.0,971,Dachepalle,True
1,Andhra Pradesh,197,Zone 3,Guntur,107.0,972,Duggirala,True
1,Andhra Pradesh,197,Zone 3,Guntur,107.0,973,Durgi,True
1,Andhra Pradesh,197,Zone 3,Guntur,107.0,974,Edlapadu,True
1,Andhra Pradesh,197,Zone 3,Guntur,107.0,975,Guntur,True
1,Andhra Pradesh,197,Zone 3,Guntur,107.0,976,Gurazala,True
1,Andhra Pradesh,197,Zone 3,Guntur,107.0,977,Ipur,True
1,Andhra Pradesh,197,Zone 3,Guntur,107.0,978,Kakumanu,True
1,Andhra Pradesh,197,Zone 3,Guntur,107.0,979,Karempudi,True
1,Andhra Pradesh,197,Zone 3,Guntur,107.0,980,Karlapalem,True
1,Andhra Pradesh,197,Zone 3,Guntur,107.0,981,Kollipara,True
1,Andhra Pradesh,197,Zone 3,Guntur,107.0,982,Kollur,True
1,Andhra Pradesh,197,Zone 3,Guntur,107.0,983,Krosuru,True
1,Andhra Pradesh,197,Zone 3,Guntur,107.0,984,Machavaram,True
1,Andhra Pradesh,197,Zone 3,Guntur,107.0,985,Macherla,True
1,Andhra Pradesh,197,Zone 3,Guntur,107.0,986,Mangalagiri,True
1,Andhra Pradesh,197,Zone 3,Guntur,107.0,987,Medikonduru,True
1,Andhra Pradesh,197,Zone 3,Guntur,107.0,988,Muppalla,True
1,Andhra Pradesh,197,Zone 3,Guntur,107.0,989,Nadendla,True
1,Andhra Pradesh,197,Zone 3,Guntur,107.0,990,Nagaram,True
1,Andhra Pradesh,197,Zone 3,Guntur,107.0,991,Narasaraopeta,True
1,Andhra Pradesh,197,Zone 3,Guntur,107.0,992,Nekarikallu,True
1,Andhra Pradesh,197,Zone 3,Guntur,107.0,993,Nizampatnam,True
1,Andhra Pradesh,197,Zone 3,Guntur,107.0,994,Nuzendla,True
1,Andhra Pradesh,197,Zone 3,Guntur,107.0,995,Pedakakani,True
1,Andhra Pradesh,197,Zone 3,Guntur,107.0,996,Pedakurapadu,True
1,Andhra Pradesh,197,Zone 3,Guntur,107.0,997,Pedanandipadu,True
1,Andhra Pradesh,197,Zone 3,Guntur,107.0,998,Phirangipuram,True
1,Andhra Pradesh,197,Zone 3,Guntur,107.0,999,Piduguralla,True
1,Andhra Pradesh,197,Zone 3,Guntur,107.0,1000,Pittalavanipalem,True
1,Andhra Pradesh,197,Zone 3,Guntur,107.0,1001,Ponnur,True
1,Andhra Pradesh,197,Zone 3,Guntur,107.0,1002,Prathipadu,True
1,Andhra Pradesh,197,Zone 3,Guntur,107.0,1003,Rajupalem,True
1,Andhra Pradesh,197,Zone 3,Guntur,107.0,1004,Rentachintala,True
1,Andhra Pradesh,197,Zone 3,Guntur,107.0,1005,Repalle,True
1,Andhra Pradesh,197,Zone 3,Guntur,107.0,1006,Rompicherla,True
1,Andhra Pradesh,197,Zone 3,Guntur,107.0,1007,Sattenapalle,True
1,Andhra Pradesh,197,Zone 3,Guntur,107.0,1008,Savalyapuram Kanumarlapudi,True
1,Andhra Pradesh,197,Zone 3,Guntur,107.0,1009,Tadepalle,True
1,Andhra Pradesh,197,Zone 3,Guntur,107.0,1010,Tadikonda,True
1,Andhra Pradesh,197,Zone 3,Guntur,107.0,1011,Tenali,True
1,Andhra Pradesh,197,Zone 3,Guntur,107.0,1012,Thullur,True
1,Andhra Pradesh,197,Zone 3,Guntur,107.0,1013,Tsundur,True
1,Andhra Pradesh,197,Zone 3,Guntur,107.0,1014,Vatticherukuru,True
1,Andhra Pradesh,197,Zone 3,Guntur,107.0,1015,Veldurthy,True
1,Andhra Pradesh,197,Zone 3,Guntur,107.0,1016,Vemuru,True
1,Andhra Pradesh,197,Zone 3,Guntur,107.0,1017,Vinukonda,True
1,Andhra Pradesh,197,Zone 3,Nellore,109.0,1018,Allur,True
1,Andhra Pradesh,197,Zone 3,Nellore,109.0,1019,Ananthasagaram,True
1,Andhra Pradesh,197,Zone 3,Nellore,109.0,1020,Anumasamudrampeta,True
1,Andhra Pradesh,197,Zone 3,Nellore,109.0,1021,Atmakur,True
1,Andhra Pradesh,197,Zone 3,Nellore,109.0,1022,Balayapalle,True
1,Andhra Pradesh,197,Zone 3,Nellore,109.0,1023,Bogole,True
1,Andhra Pradesh,197,Zone 3,Nellore,109.0,1024,Buchireddipalem,True
1,Andhra Pradesh,197,Zone 3,Nellore,109.0,1025,Chejerla,True
1,Andhra Pradesh,197,Zone 3,Nellore,109.0,1026,Chillakur,True
1,Andhra Pradesh,197,Zone 3,Nellore,109.0,1027,Chittamur,True
1,Andhra Pradesh,197,Zone 3,Nellore,109.0,1028,Dagadarthi,True
1,Andhra Pradesh,197,Zone 3,Nellore,109.0,1029,Dakkili,True
1,Andhra Pradesh,197,Zone 3,Nellore,109.0,1030,Doravarisatram,True
1,Andhra Pradesh,197,Zone 3,Nellore,109.0,1031,Duttalur,True
1,Andhra Pradesh,197,Zone 3,Nellore,109.0,1032,Gudur,True
1,Andhra Pradesh,197,Zone 3,Nellore,109.0,1033,Indukurpet,True
1,Andhra Pradesh,197,Zone 3,Nellore,109.0,1034,Jaladanki,True
1,Andhra Pradesh,197,Zone 3,Nellore,109.0,1035,Kaligiri,True
1,Andhra Pradesh,197,Zone 3,Nellore,109.0,1036,Kaluvoya,True
1,Andhra Pradesh,197,Zone 3,Nellore,109.0,1037,Kavali,True
1,Andhra Pradesh,197,Zone 3,Nellore,109.0,1038,Kodavalur,True
1,Andhra Pradesh,197,Zone 3,Nellore,109.0,1039,Kondapuram,True
1,Andhra Pradesh,197,Zone 3,Nellore,109.0,1040,Kota,True
1,Andhra Pradesh,197,Zone 3,Nellore,109.0,1041,Kovur,True
1,Andhra Pradesh,197,Zone 3,Nellore,109.0,1042,Manubolu,True
1,Andhra Pradesh,197,Zone 3,Nellore,109.0,1043,Marripadu,True
1,Andhra Pradesh,197,Zone 3,Nellore,109.0,1044,Muthukur,True
1,Andhra Pradesh,197,Zone 3,Nellore,109.0,1045,Naidupet,True
1,Andhra Pradesh,197,Zone 3,Nellore,109.0,1046,Nellore,True
1,Andhra Pradesh,197,Zone 3,Nellore,109.0,1047,Ozili,True
1,Andhra Pradesh,197,Zone 3,Nellore,109.0,1048,Pellakur,True
1,Andhra Pradesh,197,Zone 3,Nellore,109.0,1049,Podalakur,True
1,Andhra Pradesh,197,Zone 3,Nellore,109.0,1050,Rapur,True
1,Andhra Pradesh,197,Zone 3,Nellore,109.0,1051,Sangam,True
1,Andhra Pradesh,197,Zone 3,Nellore,109.0,1052,Seetharamapuram,True
1,Andhra Pradesh,197,Zone 3,Nellore,109.0,1053,Sullurpeta,True
1,Andhra Pradesh,197,Zone 3,Nellore,109.0,1054,Sydapuram,True
1,Andhra Pradesh,197,Zone 3,Nellore,109.0,1055,Tada,True
1,Andhra Pradesh,197,Zone 3,Nellore,109.0,1056,Thotapalligudur,True
1,Andhra Pradesh,197,Zone 3,Nellore,109.0,1057,Udayagiri,True
1,Andhra Pradesh,197,Zone 3,Nellore,109.0,1058,Vakadu,True
1,Andhra Pradesh,197,Zone 3,Nellore,109.0,1059,Varikuntapadu,True
1,Andhra Pradesh,197,Zone 3,Nellore,109.0,1060,Venkatachalam,True
1,Andhra Pradesh,197,Zone 3,Nellore,109.0,1061,Venkatagiri,True
1,Andhra Pradesh,197,Zone 3,Nellore,109.0,1062,Vidavalur,True
1,Andhra Pradesh,197,Zone 3,Nellore,109.0,1063,Vinjamur,True
1,Andhra Pradesh,197,Zone 3,Prakasam,108.0,1064,Addanki,True
1,Andhra Pradesh,197,Zone 3,Prakasam,108.0,1065,Ardhaveedu,True
1,Andhra Pradesh,197,Zone 3,Prakasam,108.0,1066,Ballikurava,True
1,Andhra Pradesh,197,Zone 3,Prakasam,108.0,1067,Bestavaripeta,True
1,Andhra Pradesh,197,Zone 3,Prakasam,108.0,1068,Chandra sekhara puram,True
1,Andhra Pradesh,197,Zone 3,Prakasam,108.0,1069,Chimakurthy,True
1,Andhra Pradesh,197,Zone 3,Prakasam,108.0,1070,Chinaganjam,True
1,Andhra Pradesh,197,Zone 3,Prakasam,108.0,1071,Chirala,True
1,Andhra Pradesh,197,Zone 3,Prakasam,108.0,1072,Cumbum,True
1,Andhra Pradesh,197,Zone 3,Prakasam,108.0,1073,Darsi,True
1,Andhra Pradesh,197,Zone 3,Prakasam,108.0,1074,Donakonda,True
1,Andhra Pradesh,197,Zone 3,Prakasam,108.0,1075,Dornala,True
1,Andhra Pradesh,197,Zone 3,Prakasam,108.0,1076,Giddaluru,True
1,Andhra Pradesh,197,Zone 3,Prakasam,108.0,1077,Gudlur,True
1,Andhra Pradesh,197,Zone 3,Prakasam,108.0,1078,Hanumanthuni padu,True
1,Andhra Pradesh,197,Zone 3,Prakasam,108.0,1079,Inkollu,True
1,Andhra Pradesh,197,Zone 3,Prakasam,108.0,1080,Janakavarampanguluru,True
1,Andhra Pradesh,197,Zone 3,Prakasam,108.0,1081,Kandukur,True
1,Andhra Pradesh,197,Zone 3,Prakasam,108.0,1082,Kanigiri,True
1,Andhra Pradesh,197,Zone 3,Prakasam,108.0,1083,Karamchedu,True
1,Andhra Pradesh,197,Zone 3,Prakasam,108.0,1084,Komarolu,True
1,Andhra Pradesh,197,Zone 3,Prakasam,108.0,1085,Konakanamitla,True
1,Andhra Pradesh,197,Zone 3,Prakasam,108.0,1086,Kondapi,True
1,Andhra Pradesh,197,Zone 3,Prakasam,108.0,1087,Korisapadu,True
1,Andhra Pradesh,197,Zone 3,Prakasam,108.0,1088,Kotha patnam,True
1,Andhra Pradesh,197,Zone 3,Prakasam,108.0,1089,Kurichedu,True
1,Andhra Pradesh,197,Zone 3,Prakasam,108.0,1090,Lingasamudram,True
1,Andhra Pradesh,197,Zone 3,Prakasam,108.0,1091,Maddipadu,True
1,Andhra Pradesh,197,Zone 3,Prakasam,108.0,1092,Markapur,True
1,Andhra Pradesh,197,Zone 3,Prakasam,108.0,1093,Marripudi,True
1,Andhra Pradesh,197,Zone 3,Prakasam,108.0,1094,Martur,True
1,Andhra Pradesh,197,Zone 3,Prakasam,108.0,1095,Mundlamuru,True
1,Andhra Pradesh,197,Zone 3,Prakasam,108.0,1096,Naguluppala padu,True
1,Andhra Pradesh,197,Zone 3,Prakasam,108.0,1097,Ongole,True
1,Andhra Pradesh,197,Zone 3,Prakasam,108.0,1098,Pamur,True
1,Andhra Pradesh,197,Zone 3,Prakasam,108.0,1099,Parchur,True
1,Andhra Pradesh,197,Zone 3,Prakasam,108.0,1100,Pedacherlo palle,True
1,Andhra Pradesh,197,Zone 3,Prakasam,108.0,1101,Pedda Raveedu,True
1,Andhra Pradesh,197,Zone 3,Prakasam,108.0,1102,Podili,True
1,Andhra Pradesh,197,Zone 3,Prakasam,108.0,1103,Ponnaluru,True
1,Andhra Pradesh,197,Zone 3,Prakasam,108.0,1104,Pullalacheruvu,True
1,Andhra Pradesh,197,Zone 3,Prakasam,108.0,1105,Racherla,True
1,Andhra Pradesh,197,Zone 3,Prakasam,108.0,1106,Santhamaguluru,True
1,Andhra Pradesh,197,Zone 3,Prakasam,108.0,1107,Santhanuthala padu,True
1,Andhra Pradesh,197,Zone 3,Prakasam,108.0,1108,Singarayakonda,True
1,Andhra Pradesh,197,Zone 3,Prakasam,108.0,1109,Tangutur,True
1,Andhra Pradesh,197,Zone 3,Prakasam,108.0,1110,Tarlupadu,True
1,Andhra Pradesh,197,Zone 3,Prakasam,108.0,1111,Thallur,True
1,Andhra Pradesh,197,Zone 3,Prakasam,108.0,1112,Tripuranthakam,True
1,Andhra Pradesh,197,Zone 3,Prakasam,108.0,1113,Ulavapadu,True
1,Andhra Pradesh,197,Zone 3,Prakasam,108.0,1114,Veligandla,True
1,Andhra Pradesh,197,Zone 3,Prakasam,108.0,1115,Vetapalem,True
1,Andhra Pradesh,197,Zone 3,Prakasam,108.0,1116,Voletivaripalem,True
1,Andhra Pradesh,197,Zone 3,Prakasam,108.0,1117,Yeddana pudi,True
1,Andhra Pradesh,197,Zone 3,Prakasam,108.0,1118,Yerragondapalem,True
1,Andhra Pradesh,197,Zone 3,Prakasam,108.0,1119,Zarugumilli,True
1,Andhra Pradesh,198,Zone 4,Anantapur,111.0,1120,Agali,True
1,Andhra Pradesh,198,Zone 4,Anantapur,111.0,1121,Amadagur,True
1,Andhra Pradesh,198,Zone 4,Anantapur,111.0,1122,Amarapuram,True
1,Andhra Pradesh,198,Zone 4,Anantapur,111.0,1123,Anantapur,True
1,Andhra Pradesh,198,Zone 4,Anantapur,111.0,1124,Atmakur,True
1,Andhra Pradesh,198,Zone 4,Anantapur,111.0,1125,Bathalapalle,True
1,Andhra Pradesh,198,Zone 4,Anantapur,111.0,1126,Beluguppa,True
1,Andhra Pradesh,198,Zone 4,Anantapur,111.0,1127,Bommanahal,True
1,Andhra Pradesh,198,Zone 4,Anantapur,111.0,1128,Brahmasamudram,True
1,Andhra Pradesh,198,Zone 4,Anantapur,111.0,1129,Bukkapatnam,True
1,Andhra Pradesh,198,Zone 4,Anantapur,111.0,1130,Bukkarayasamudram,True
1,Andhra Pradesh,198,Zone 4,Anantapur,111.0,1131,Chennekothapalle,True
1,Andhra Pradesh,198,Zone 4,Anantapur,111.0,1132,Chilamathur,True
1,Andhra Pradesh,198,Zone 4,Anantapur,111.0,1133,D.Hirehal,True
1,Andhra Pradesh,198,Zone 4,Anantapur,111.0,1134,Dharmavaram,True
1,Andhra Pradesh,198,Zone 4,Anantapur,111.0,1135,Gandlapenta,True
1,Andhra Pradesh,198,Zone 4,Anantapur,111.0,1136,Garladinne,True
1,Andhra Pradesh,198,Zone 4,Anantapur,111.0,1137,Gooty,True
1,Andhra Pradesh,198,Zone 4,Anantapur,111.0,1138,Gorantla,True
1,Andhra Pradesh,198,Zone 4,Anantapur,111.0,1139,Gudibanda,True
1,Andhra Pradesh,198,Zone 4,Anantapur,111.0,1140,Gummagatta,True
1,Andhra Pradesh,198,Zone 4,Anantapur,111.0,1141,Guntakal,True
1,Andhra Pradesh,198,Zone 4,Anantapur,111.0,1142,Hindupur,True
1,Andhra Pradesh,198,Zone 4,Anantapur,111.0,1143,Kadiri,True
1,Andhra Pradesh,198,Zone 4,Anantapur,111.0,1144,Kalyandurg,True
1,Andhra Pradesh,198,Zone 4,Anantapur,111.0,1145,Kambadur,True
1,Andhra Pradesh,198,Zone 4,Anantapur,111.0,1146,Kanaganapalle,True
1,Andhra Pradesh,198,Zone 4,Anantapur,111.0,1147,Kanekal,True
1,Andhra Pradesh,198,Zone 4,Anantapur,111.0,1148,Kothacheruvu,True
1,Andhra Pradesh,198,Zone 4,Anantapur,111.0,1149,Kudair,True
1,Andhra Pradesh,198,Zone 4,Anantapur,111.0,1150,Kundurpi,True
1,Andhra Pradesh,198,Zone 4,Anantapur,111.0,1151,Lepakshi,True
1,Andhra Pradesh,198,Zone 4,Anantapur,111.0,1152,Madakasira,True
1,Andhra Pradesh,198,Zone 4,Anantapur,111.0,1153,Mudigubba,True
1,Andhra Pradesh,198,Zone 4,Anantapur,111.0,1154,Nallacheruvu,True
1,Andhra Pradesh,198,Zone 4,Anantapur,111.0,1155,Nallamada,True
1,Andhra Pradesh,198,Zone 4,Anantapur,111.0,1156,Nambulapulakunta,True
1,Andhra Pradesh,198,Zone 4,Anantapur,111.0,1157,Narpala,True
1,Andhra Pradesh,198,Zone 4,Anantapur,111.0,1158,Obuladevarecheruvu,True
1,Andhra Pradesh,198,Zone 4,Anantapur,111.0,1159,Pamidi,True
1,Andhra Pradesh,198,Zone 4,Anantapur,111.0,1160,Parigi,True
1,Andhra Pradesh,198,Zone 4,Anantapur,111.0,1161,Peddapappur,True
1,Andhra Pradesh,198,Zone 4,Anantapur,111.0,1162,Peddavadugur,True
1,Andhra Pradesh,198,Zone 4,Anantapur,111.0,1163,Penukonda,True
1,Andhra Pradesh,198,Zone 4,Anantapur,111.0,1164,Putlur,True
1,Andhra Pradesh,198,Zone 4,Anantapur,111.0,1165,Puttaparthi,True
1,Andhra Pradesh,198,Zone 4,Anantapur,111.0,1166,Ramagiri,True
1,Andhra Pradesh,198,Zone 4,Anantapur,111.0,1167,Raptadu,True
1,Andhra Pradesh,198,Zone 4,Anantapur,111.0,1168,Rayadurg,True
1,Andhra Pradesh,198,Zone 4,Anantapur,111.0,1169,Roddam,True
1,Andhra Pradesh,198,Zone 4,Anantapur,111.0,1170,Rolla,True
1,Andhra Pradesh,198,Zone 4,Anantapur,111.0,1171,Settur,True
1,Andhra Pradesh,198,Zone 4,Anantapur,111.0,1172,Singanamala,True
1,Andhra Pradesh,198,Zone 4,Anantapur,111.0,1173,Somandepalle,True
1,Andhra Pradesh,198,Zone 4,Anantapur,111.0,1174,Tadimarri,True
1,Andhra Pradesh,198,Zone 4,Anantapur,111.0,1175,Tadpatri,True
1,Andhra Pradesh,198,Zone 4,Anantapur,111.0,1176,Talupula,True
1,Andhra Pradesh,198,Zone 4,Anantapur,111.0,1177,Tanakallu,True
1,Andhra Pradesh,198,Zone 4,Anantapur,111.0,1178,Uravakonda,True
1,Andhra Pradesh,198,Zone 4,Anantapur,111.0,1179,Vidapanakal,True
1,Andhra Pradesh,198,Zone 4,Anantapur,111.0,1180,Vijrakarur,True
1,Andhra Pradesh,198,Zone 4,Anantapur,111.0,1181,Yadiki,True
1,Andhra Pradesh,198,Zone 4,Anantapur,111.0,1182,Yellanur,True
1,Andhra Pradesh,198,Zone 4,Chittoor,113.0,1183,B.Kothakota,True
1,Andhra Pradesh,198,Zone 4,Chittoor,113.0,1184,Baireddipalle,True
1,Andhra Pradesh,198,Zone 4,Chittoor,113.0,1185,Bangarupalyam,True
1,Andhra Pradesh,198,Zone 4,Chittoor,113.0,1186,Buchinaidu Khandriga,True
1,Andhra Pradesh,198,Zone 4,Chittoor,113.0,1187,Chandragiri,True
1,Andhra Pradesh,198,Zone 4,Chittoor,113.0,1188,Chinnagottigallu,True
1,Andhra Pradesh,198,Zone 4,Chittoor,113.0,1189,Chittoor,True
1,Andhra Pradesh,198,Zone 4,Chittoor,113.0,1190,Chowdepalle,True
1,Andhra Pradesh,198,Zone 4,Chittoor,113.0,1191,Gangadhara Nellore,True
1,Andhra Pradesh,198,Zone 4,Chittoor,113.0,1192,Gangavaram,True
1,Andhra Pradesh,198,Zone 4,Chittoor,113.0,1193,Gudipala,True
1,Andhra Pradesh,198,Zone 4,Chittoor,113.0,1194,Gudupalle,True
1,Andhra Pradesh,198,Zone 4,Chittoor,113.0,1195,Gurramkonda,True
1,Andhra Pradesh,198,Zone 4,Chittoor,113.0,1196,Irala,True
1,Andhra Pradesh,198,Zone 4,Chittoor,113.0,1197,K.V.B.Puram,True
1,Andhra Pradesh,198,Zone 4,Chittoor,113.0,1198,Kalakada,True
1,Andhra Pradesh,198,Zone 4,Chittoor,113.0,1199,Kalikiri,True
1,Andhra Pradesh,198,Zone 4,Chittoor,113.0,1200,Kambhamvaripalle,True
1,Andhra Pradesh,198,Zone 4,Chittoor,113.0,1201,Karvetinagar,True
1,Andhra Pradesh,198,Zone 4,Chittoor,113.0,1202,Kuppam,True
1,Andhra Pradesh,198,Zone 4,Chittoor,113.0,1203,Kurabalakota,True
1,Andhra Pradesh,198,Zone 4,Chittoor,113.0,1204,Madanapalle,True
1,Andhra Pradesh,198,Zone 4,Chittoor,113.0,1205,Mulakalacheruvu,True
1,Andhra Pradesh,198,Zone 4,Chittoor,113.0,1206,Nagalapuram,True
1,Andhra Pradesh,198,Zone 4,Chittoor,113.0,1207,Nagari,True
1,Andhra Pradesh,198,Zone 4,Chittoor,113.0,1208,Narayanavanam,True
1,Andhra Pradesh,198,Zone 4,Chittoor,113.0,1209,Nimmanapalle,True
1,Andhra Pradesh,198,Zone 4,Chittoor,113.0,1210,Nindra,True
1,Andhra Pradesh,198,Zone 4,Chittoor,113.0,1211,Pakala,True
1,Andhra Pradesh,198,Zone 4,Chittoor,113.0,1212,Palamaner,True
1,Andhra Pradesh,198,Zone 4,Chittoor,113.0,1213,Palasamudram,True
1,Andhra Pradesh,198,Zone 4,Chittoor,113.0,1214,Peddamandyam,True
1,Andhra Pradesh,198,Zone 4,Chittoor,113.0,1215,Peddapanjani,True
1,Andhra Pradesh,198,Zone 4,Chittoor,113.0,1216,Peddathippa samudram,True
1,Andhra Pradesh,198,Zone 4,Chittoor,113.0,1217,Penumur,True
1,Andhra Pradesh,198,Zone 4,Chittoor,113.0,1218,Piler,True
1,Andhra Pradesh,198,Zone 4,Chittoor,113.0,1219,Pitchatur,True
1,Andhra Pradesh,198,Zone 4,Chittoor,113.0,1220,Pulicherla,True
1,Andhra Pradesh,198,Zone 4,Chittoor,113.0,1221,Punganur,True
1,Andhra Pradesh,198,Zone 4,Chittoor,113.0,1222,Puthalapattu,True
1,Andhra Pradesh,198,Zone 4,Chittoor,113.0,1223,Puttur,True
1,Andhra Pradesh,198,Zone 4,Chittoor,113.0,1224,Ramachandra puram,True
1,Andhra Pradesh,198,Zone 4,Chittoor,113.0,1225,Ramakuppam,True
1,Andhra Pradesh,198,Zone 4,Chittoor,113.0,1226,Ramasamudram,True
1,Andhra Pradesh,198,Zone 4,Chittoor,113.0,1227,Renigunta,True
1,Andhra Pradesh,198,Zone 4,Chittoor,113.0,1228,Rompicherla,True
1,Andhra Pradesh,198,Zone 4,Chittoor,113.0,1229,Santhipuram,True
1,Andhra Pradesh,198,Zone 4,Chittoor,113.0,1230,Satyavedu,True
1,Andhra Pradesh,198,Zone 4,Chittoor,113.0,1231,Sodum,True
1,Andhra Pradesh,198,Zone 4,Chittoor,113.0,1232,Somala,True
1,Andhra Pradesh,198,Zone 4,Chittoor,113.0,1233,Srikalahasti,True
1,Andhra Pradesh,198,Zone 4,Chittoor,113.0,1234,Srirangarajapuram,True
1,Andhra Pradesh,198,Zone 4,Chittoor,113.0,1235,Thamballapalle,True
1,Andhra Pradesh,198,Zone 4,Chittoor,113.0,1236,Thavanampalle,True
1,Andhra Pradesh,198,Zone 4,Chittoor,113.0,1237,Thottambedu,True
1,Andhra Pradesh,198,Zone 4,Chittoor,113.0,1238,Tirupathi (Rural),True
1,Andhra Pradesh,198,Zone 4,Chittoor,113.0,1239,Tirupati (Urban),True
1,Andhra Pradesh,198,Zone 4,Chittoor,113.0,1240,Vadamalapeta,True
1,Andhra Pradesh,198,Zone 4,Chittoor,113.0,1241,Varadaiahpalem,True
1,Andhra Pradesh,198,Zone 4,Chittoor,113.0,1242,Vayalpad,True
1,Andhra Pradesh,198,Zone 4,Chittoor,113.0,1243,Vedurukuppam,True
1,Andhra Pradesh,198,Zone 4,Chittoor,113.0,1244,Venkatagirikota,True
1,Andhra Pradesh,198,Zone 4,Chittoor,113.0,1245,Vijayapuram,True
1,Andhra Pradesh,198,Zone 4,Chittoor,113.0,1246,Yadamari,True
1,Andhra Pradesh,198,Zone 4,Chittoor,113.0,1247,Yerpedu,True
1,Andhra Pradesh,198,Zone 4,Chittoor,113.0,1248,Yerravaripalem,True
1,Andhra Pradesh,198,Zone 4,Kadapa,112.0,1249,Atlur,True
1,Andhra Pradesh,198,Zone 4,Kadapa,112.0,1250,B.Kodur,True
1,Andhra Pradesh,198,Zone 4,Kadapa,112.0,1251,Badvel,True
1,Andhra Pradesh,198,Zone 4,Kadapa,112.0,1252,Brahmamgarimattam,True
1,Andhra Pradesh,198,Zone 4,Kadapa,112.0,1253,Chakarayapet,True
1,Andhra Pradesh,198,Zone 4,Kadapa,112.0,1254,Chapadu,True
1,Andhra Pradesh,198,Zone 4,Kadapa,112.0,1255,Chennur,True
1,Andhra Pradesh,198,Zone 4,Kadapa,112.0,1256,Chinnamudiam,True
1,Andhra Pradesh,198,Zone 4,Kadapa,112.0,1257,Chinthakommadinne,True
1,Andhra Pradesh,198,Zone 4,Kadapa,112.0,1258,Chitvel,True
1,Andhra Pradesh,198,Zone 4,Kadapa,112.0,1259,Cuddapah,True
1,Andhra Pradesh,198,Zone 4,Kadapa,112.0,1260,Duvvur,True
1,Andhra Pradesh,198,Zone 4,Kadapa,112.0,1261,Galiveedu,True
1,Andhra Pradesh,198,Zone 4,Kadapa,112.0,1262,Gopavaram,True
1,Andhra Pradesh,198,Zone 4,Kadapa,112.0,1263,Jammalamadugu,True
1,Andhra Pradesh,198,Zone 4,Kadapa,112.0,1264,Kalasapadu,True
1,Andhra Pradesh,198,Zone 4,Kadapa,112.0,1265,Kamalapuram,True
1,Andhra Pradesh,198,Zone 4,Kadapa,112.0,1266,Khajipet,True
1,Andhra Pradesh,198,Zone 4,Kadapa,112.0,1267,Kondapuram,True
1,Andhra Pradesh,198,Zone 4,Kadapa,112.0,1268,Lakkireddipalle,True
1,Andhra Pradesh,198,Zone 4,Kadapa,112.0,1269,Lingala,True
1,Andhra Pradesh,198,Zone 4,Kadapa,112.0,1270,Muddanur,True
1,Andhra Pradesh,198,Zone 4,Kadapa,112.0,1271,Mylavaram,True
1,Andhra Pradesh,198,Zone 4,Kadapa,112.0,1272,Nandalur,True
1,Andhra Pradesh,198,Zone 4,Kadapa,112.0,1273,Obulavaripalle,True
1,Andhra Pradesh,198,Zone 4,Kadapa,112.0,1274,Peddamudium,True
1,Andhra Pradesh,198,Zone 4,Kadapa,112.0,1275,Penagalur,True
1,Andhra Pradesh,198,Zone 4,Kadapa,112.0,1276,Pendlimarry,True
1,Andhra Pradesh,198,Zone 4,Kadapa,112.0,1277,Porumamilla,True
1,Andhra Pradesh,198,Zone 4,Kadapa,112.0,1278,Proddatur,True
1,Andhra Pradesh,198,Zone 4,Kadapa,112.0,1279,Pulivendla,True
1,Andhra Pradesh,198,Zone 4,Kadapa,112.0,1280,Pullampet,True
1,Andhra Pradesh,198,Zone 4,Kadapa,112.0,1281,Rajampet,True
1,Andhra Pradesh,198,Zone 4,Kadapa,112.0,1282,Rajupalem,True
1,Andhra Pradesh,198,Zone 4,Kadapa,112.0,1283,Ramapuram,True
1,Andhra Pradesh,198,Zone 4,Kadapa,112.0,1284,Rayachoti,True
1,Andhra Pradesh,198,Zone 4,Kadapa,112.0,1285,Rly.kodur,True
1,Andhra Pradesh,198,Zone 4,Kadapa,112.0,1286,S.Mydukur,True
1,Andhra Pradesh,198,Zone 4,Kadapa,112.0,1287,Sambepalle,True
1,Andhra Pradesh,198,Zone 4,Kadapa,112.0,1288,Sidhout,True
1,Andhra Pradesh,198,Zone 4,Kadapa,112.0,1289,Simhadripuram,True
1,Andhra Pradesh,198,Zone 4,Kadapa,112.0,1290,Sri Avadhuth kasinayana,True
1,Andhra Pradesh,198,Zone 4,Kadapa,112.0,1291,T.Sundupalle,True
1,Andhra Pradesh,198,Zone 4,Kadapa,112.0,1292,Thondur,True
1,Andhra Pradesh,198,Zone 4,Kadapa,112.0,1293,Vallur,True
1,Andhra Pradesh,198,Zone 4,Kadapa,112.0,1294,Veeraballe,True
1,Andhra Pradesh,198,Zone 4,Kadapa,112.0,1295,Veerapunayunipalle,True
1,Andhra Pradesh,198,Zone 4,Kadapa,112.0,1296,Vempalle,True
1,Andhra Pradesh,198,Zone 4,Kadapa,112.0,1297,Vemula,True
1,Andhra Pradesh,198,Zone 4,Kadapa,112.0,1298,Vontimitta,True
1,Andhra Pradesh,198,Zone 4,Kadapa,112.0,1299,Yerraguntla,True
1,Andhra Pradesh,198,Zone 4,Kurnool,110.0,1300,Adoni,True
1,Andhra Pradesh,198,Zone 4,Kurnool,110.0,1301,Allagadda,True
1,Andhra Pradesh,198,Zone 4,Kurnool,110.0,1302,Alur,True
1,Andhra Pradesh,198,Zone 4,Kurnool,110.0,1303,Aspari,True
1,Andhra Pradesh,198,Zone 4,Kurnool,110.0,1304,Atmakur,True
1,Andhra Pradesh,198,Zone 4,Kurnool,110.0,1305,Banaganapalle,True
1,Andhra Pradesh,198,Zone 4,Kurnool,110.0,1306,Bandi Atmakur,True
1,Andhra Pradesh,198,Zone 4,Kurnool,110.0,1307,Bethamcherla,True
1,Andhra Pradesh,198,Zone 4,Kurnool,110.0,1308,C.Belagal,True
1,Andhra Pradesh,198,Zone 4,Kurnool,110.0,1309,Chagalamarri,True
1,Andhra Pradesh,198,Zone 4,Kurnool,110.0,1310,Chippagiri,True
1,Andhra Pradesh,198,Zone 4,Kurnool,110.0,1311,Devanakonda,True
1,Andhra Pradesh,198,Zone 4,Kurnool,110.0,1312,Dhone,True
1,Andhra Pradesh,198,Zone 4,Kurnool,110.0,1313,Dornipadu,True
1,Andhra Pradesh,198,Zone 4,Kurnool,110.0,1314,Gadivemula,True
1,Andhra Pradesh,198,Zone 4,Kurnool,110.0,1315,Gonegandla,True
1,Andhra Pradesh,198,Zone 4,Kurnool,110.0,1316,Gospadu,True
1,Andhra Pradesh,198,Zone 4,Kurnool,110.0,1317,Gudur,True
1,Andhra Pradesh,198,Zone 4,Kurnool,110.0,1318,Halaharvi,True
1,Andhra Pradesh,198,Zone 4,Kurnool,110.0,1319,Holagunda,True
1,Andhra Pradesh,198,Zone 4,Kurnool,110.0,1320,Jupadu bungalow,True
1,Andhra Pradesh,198,Zone 4,Kurnool,110.0,1321,Kallur,True
1,Andhra Pradesh,198,Zone 4,Kurnool,110.0,1322,Kodumur,True
1,Andhra Pradesh,198,Zone 4,Kurnool,110.0,1323,Koilkuntla,True
1,Andhra Pradesh,198,Zone 4,Kurnool,110.0,1324,Kolimigundla,True
1,Andhra Pradesh,198,Zone 4,Kurnool,110.0,1325,Kosigi,True
1,Andhra Pradesh,198,Zone 4,Kurnool,110.0,1326,Kothapalle,True
1,Andhra Pradesh,198,Zone 4,Kurnool,110.0,1327,Kowthalam,True
1,Andhra Pradesh,198,Zone 4,Kurnool,110.0,1328,Krishnagiri,True
1,Andhra Pradesh,198,Zone 4,Kurnool,110.0,1329,Kurnool,True
1,Andhra Pradesh,198,Zone 4,Kurnool,110.0,1330,Maddikera (East),True
1,Andhra Pradesh,198,Zone 4,Kurnool,110.0,1331,Mahanandi,True
1,Andhra Pradesh,198,Zone 4,Kurnool,110.0,1332,Mantralayam,True
1,Andhra Pradesh,198,Zone 4,Kurnool,110.0,1333,Midthur,True
1,Andhra Pradesh,198,Zone 4,Kurnool,110.0,1334,Nandavaram,True
1,Andhra Pradesh,198,Zone 4,Kurnool,110.0,1335,Nandikotkur,True
1,Andhra Pradesh,198,Zone 4,Kurnool,110.0,1336,Nandyal,True
1,Andhra Pradesh,198,Zone 4,Kurnool,110.0,1337,Orvakal,True
1,Andhra Pradesh,198,Zone 4,Kurnool,110.0,1338,Owk,True
1,Andhra Pradesh,198,Zone 4,Kurnool,110.0,1339,Pagidyala,True
1,Andhra Pradesh,198,Zone 4,Kurnool,110.0,1340,Pamulapadu,True
1,Andhra Pradesh,198,Zone 4,Kurnool,110.0,1341,Panyam,True
1,Andhra Pradesh,198,Zone 4,Kurnool,110.0,1342,Pathikonda,True
1,Andhra Pradesh,198,Zone 4,Kurnool,110.0,1343,Peapally,True
1,Andhra Pradesh,198,Zone 4,Kurnool,110.0,1344,Pedda kadabur,True
1,Andhra Pradesh,198,Zone 4,Kurnool,110.0,1345,Rudravaram,True
1,Andhra Pradesh,198,Zone 4,Kurnool,110.0,1346,Sanjamala,True
1,Andhra Pradesh,198,Zone 4,Kurnool,110.0,1347,Sirvel,True
1,Andhra Pradesh,198,Zone 4,Kurnool,110.0,1348,Srisailam,True
1,Andhra Pradesh,198,Zone 4,Kurnool,110.0,1349,Tuggali,True
1,Andhra Pradesh,198,Zone 4,Kurnool,110.0,1350,Uyyalawada,True
1,Andhra Pradesh,198,Zone 4,Kurnool,110.0,1351,Veldurthi,True
1,Andhra Pradesh,198,Zone 4,Kurnool,110.0,1352,Velgode,True
1,Andhra Pradesh,198,Zone 4,Kurnool,110.0,1353,Yemmiganur,True
32,Arunachal Pradesh,205,East Arunachal Pradesh,Anjaw,3216.0,1355,Chaglagam,True
32,Arunachal Pradesh,205,East Arunachal Pradesh,Anjaw,3216.0,1356,Hawai-Walong,True
32,Arunachal Pradesh,205,East Arunachal Pradesh,Anjaw,3216.0,1357,Hayuliang-Goiliang,True
32,Arunachal Pradesh,205,East Arunachal Pradesh,Anjaw,3216.0,1358,Manchal,True
32,Arunachal Pradesh,205,East Arunachal Pradesh,Changlang,3213.0,1359,Bordumsa Circle,True
32,Arunachal Pradesh,205,East Arunachal Pradesh,Changlang,3213.0,1360,Changlang Circle,True
32,Arunachal Pradesh,205,East Arunachal Pradesh,Changlang,3213.0,1361,Diyun Circle,True
32,Arunachal Pradesh,205,East Arunachal Pradesh,Changlang,3213.0,1362,Jairampur Circle,True
32,Arunachal Pradesh,205,East Arunachal Pradesh,Changlang,3213.0,1363,Kharsang Circle,True
32,Arunachal Pradesh,205,East Arunachal Pradesh,Changlang,3213.0,1364,Khimiyong Circle,True
32,Arunachal Pradesh,205,East Arunachal Pradesh,Changlang,3213.0,1365,Manmao Circle,True
32,Arunachal Pradesh,205,East Arunachal Pradesh,Changlang,3213.0,1366,Miao Circle,True
32,Arunachal Pradesh,205,East Arunachal Pradesh,Changlang,3213.0,1367,Nampong Circle,True
32,Arunachal Pradesh,205,East Arunachal Pradesh,Changlang,3213.0,1368,Namtok Circle,True
32,Arunachal Pradesh,205,East Arunachal Pradesh,Changlang,3213.0,1369,Vijoynagar Circle,True
32,Arunachal Pradesh,205,East Arunachal Pradesh,Dibang Valley,3211.0,1370,Anelih Circle,True
32,Arunachal Pradesh,205,East Arunachal Pradesh,Dibang Valley,3211.0,1371,Anini Circle,True
32,Arunachal Pradesh,205,East Arunachal Pradesh,Dibang Valley,3211.0,1372,Dambuk Circle,True
32,Arunachal Pradesh,205,East Arunachal Pradesh,Dibang Valley,3211.0,1373,Desali Circle,True
32,Arunachal Pradesh,205,East Arunachal Pradesh,Dibang Valley,3211.0,1374,Etalin Circle,True
32,Arunachal Pradesh,205,East Arunachal Pradesh,Dibang Valley,3211.0,1375,Hunli Circle,True
32,Arunachal Pradesh,205,East Arunachal Pradesh,Dibang Valley,3211.0,1376,Koronli Circle,True
32,Arunachal Pradesh,205,East Arunachal Pradesh,Dibang Valley,3211.0,1377,Koronu Circle,True
32,Arunachal Pradesh,205,East Arunachal Pradesh,Dibang Valley,3211.0,1378,Mipi Circle,True
32,Arunachal Pradesh,205,East Arunachal Pradesh,Dibang Valley,3211.0,1379,Roing Circle,True
32,Arunachal Pradesh,205,East Arunachal Pradesh,East Siang,3208.0,1380,Bilat Circle,True
32,Arunachal Pradesh,205,East Arunachal Pradesh,East Siang,3208.0,1381,Boleng Circle,True
32,Arunachal Pradesh,205,East Arunachal Pradesh,East Siang,3208.0,1382,Koyu Circle,True
32,Arunachal Pradesh,205,East Arunachal Pradesh,East Siang,3208.0,1383,Mebo Circle,True
32,Arunachal Pradesh,205,East Arunachal Pradesh,East Siang,3208.0,1384,Nari Circle,True
32,Arunachal Pradesh,205,East Arunachal Pradesh,East Siang,3208.0,1385,New Seren Circle,True
32,Arunachal Pradesh,205,East Arunachal Pradesh,East Siang,3208.0,1386,Pangin Circle,True
32,Arunachal Pradesh,205,East Arunachal Pradesh,East Siang,3208.0,1387,Pasighat Circle,True
32,Arunachal Pradesh,205,East Arunachal Pradesh,East Siang,3208.0,1388,Rebo-Perging Circle,True
32,Arunachal Pradesh,205,East Arunachal Pradesh,East Siang,3208.0,1389,Riga Circle,True
32,Arunachal Pradesh,205,East Arunachal Pradesh,East Siang,3208.0,1390,Ruksin Circle,True
32,Arunachal Pradesh,205,East Arunachal Pradesh,East Siang,3208.0,1391,Sille-Oyan Circle,True
32,Arunachal Pradesh,205,East Arunachal Pradesh,Lohit,3210.0,1392,Chaglagam Circle,True
32,Arunachal Pradesh,205,East Arunachal Pradesh,Lohit,3210.0,1393,Chowkham Circle,True
32,Arunachal Pradesh,205,East Arunachal Pradesh,Lohit,3210.0,1394,Goiliang Circle,True
32,Arunachal Pradesh,205,East Arunachal Pradesh,Lohit,3210.0,1395,Hawai Circle,True
32,Arunachal Pradesh,205,East Arunachal Pradesh,Lohit,3210.0,1396,Hayuliang Circle,True
32,Arunachal Pradesh,205,East Arunachal Pradesh,Lohit,3210.0,1397,Kibithoo Circle,True
32,Arunachal Pradesh,205,East Arunachal Pradesh,Lohit,3210.0,1398,Mahadevpur Circle,True
32,Arunachal Pradesh,205,East Arunachal Pradesh,Lohit,3210.0,1399,Manchal Circle,True
32,Arunachal Pradesh,205,East Arunachal Pradesh,Lohit,3210.0,1400,Namsai Circle,True
32,Arunachal Pradesh,205,East Arunachal Pradesh,Lohit,3210.0,1401,Piyong Circle,True
32,Arunachal Pradesh,205,East Arunachal Pradesh,Lohit,3210.0,1402,Sunpura Circle,True
32,Arunachal Pradesh,205,East Arunachal Pradesh,Lohit,3210.0,1403,Tezu Circle,True
32,Arunachal Pradesh,205,East Arunachal Pradesh,Lohit,3210.0,1404,Wakro Circle,True
32,Arunachal Pradesh,205,East Arunachal Pradesh,Lohit,3210.0,1405,Walong Circle,True
32,Arunachal Pradesh,205,East Arunachal Pradesh,Longding,3217.0,1406,Kanubari Adc,True
32,Arunachal Pradesh,205,East Arunachal Pradesh,Lower Dibang Valley,3214.0,1412,roing,True
32,Arunachal Pradesh,205,East Arunachal Pradesh,Namsai,3219.0,1413,Chongkham Eac,True
34,Arunachal Pradesh,205,East Arunachal Pradesh,Siang,3220.0,1418,Boleng Adc,True
32,Arunachal Pradesh,205,East Arunachal Pradesh,Tirap,3212.0,1427,Kanubari Circle,True
32,Arunachal Pradesh,205,East Arunachal Pradesh,Tirap,3212.0,1428,Khonsa Circle,True
32,Arunachal Pradesh,205,East Arunachal Pradesh,Tirap,3212.0,1429,Laju Circle,True
32,Arunachal Pradesh,205,East Arunachal Pradesh,Tirap,3212.0,1430,Longding Circle,True
32,Arunachal Pradesh,205,East Arunachal Pradesh,Tirap,3212.0,1431,Namsang Circle,True
32,Arunachal Pradesh,205,East Arunachal Pradesh,Tirap,3212.0,1432,Pangchao Circle,True
32,Arunachal Pradesh,205,East Arunachal Pradesh,Tirap,3212.0,1433,Pumao Circle,True
32,Arunachal Pradesh,205,East Arunachal Pradesh,Tirap,3212.0,1434,Wakka Circle,True
32,Arunachal Pradesh,205,East Arunachal Pradesh,Upper Siang,3209.0,1435,Geku Circle,True
32,Arunachal Pradesh,205,East Arunachal Pradesh,Upper Siang,3209.0,1436,Gelling Circle,True
32,Arunachal Pradesh,205,East Arunachal Pradesh,Upper Siang,3209.0,1437,Jengging Circle,True
32,Arunachal Pradesh,205,East Arunachal Pradesh,Upper Siang,3209.0,1438,Katan Circle,True
32,Arunachal Pradesh,205,East Arunachal Pradesh,Upper Siang,3209.0,1439,Mariyang Circle,True
32,Arunachal Pradesh,205,East Arunachal Pradesh,Upper Siang,3209.0,1440,Migging Circle,True
32,Arunachal Pradesh,205,East Arunachal Pradesh,Upper Siang,3209.0,1441,Palling Circle,True
32,Arunachal Pradesh,205,East Arunachal Pradesh,Upper Siang,3209.0,1442,Singa Circle,True
32,Arunachal Pradesh,205,East Arunachal Pradesh,Upper Siang,3209.0,1443,Tuting Circle,True
32,Arunachal Pradesh,205,East Arunachal Pradesh,Upper Siang,3209.0,1444,Yingwong Circle,True
32,Arunachal Pradesh,206,West Arunachal Pradesh,East Kameng,3203.0,1445,Bameng Circle,True
32,Arunachal Pradesh,206,West Arunachal Pradesh,East Kameng,3203.0,1446,Chayangtajo Circle,True
32,Arunachal Pradesh,206,West Arunachal Pradesh,East Kameng,3203.0,1447,Khenewa Circle,True
32,Arunachal Pradesh,206,West Arunachal Pradesh,East Kameng,3203.0,1448,Lada Circle,True
32,Arunachal Pradesh,206,West Arunachal Pradesh,East Kameng,3203.0,1449,Pakke Kessang Circle,True
32,Arunachal Pradesh,206,West Arunachal Pradesh,East Kameng,3203.0,1450,Pipu Circle,True
32,Arunachal Pradesh,206,West Arunachal Pradesh,East Kameng,3203.0,1451,Richukrong Circle,True
32,Arunachal Pradesh,206,West Arunachal Pradesh,East Kameng,3203.0,1452,Sawa Circle,True
32,Arunachal Pradesh,206,West Arunachal Pradesh,East Kameng,3203.0,1453,Seijosa Circle,True
32,Arunachal Pradesh,206,West Arunachal Pradesh,East Kameng,3203.0,1454,Seppa Circle,True
32,Arunachal Pradesh,206,West Arunachal Pradesh,Kra Daadi,3218.0,1460,Chambang Circle,True
32,Arunachal Pradesh,206,West Arunachal Pradesh,Kurung Kumey,3215.0,1467,CHAMBANG,True
32,Arunachal Pradesh,206,West Arunachal Pradesh,Kurung Kumey,3215.0,1468,KOLORIANG CIRCLE,True
32,Arunachal Pradesh,206,West Arunachal Pradesh,Kurung Kumey,3215.0,1469,NYAPIN CIRCLE,True
32,Arunachal Pradesh,206,West Arunachal Pradesh,Kurung Kumey,3215.0,1470,NYOBIA CIRCLE,True
32,Arunachal Pradesh,206,West Arunachal Pradesh,Kurung Kumey,3215.0,1471,SANGRAM CIRCLE,True
32,Arunachal Pradesh,206,West Arunachal Pradesh,Lower Siang,3220.0,1476,Gensi Eac,True
32,Arunachal Pradesh,206,West Arunachal Pradesh,Lower Subansiri,3205.0,1484,Chambang Circle,True
32,Arunachal Pradesh,206,West Arunachal Pradesh,Lower Subansiri,3205.0,1485,Damin Circle,True
32,Arunachal Pradesh,206,West Arunachal Pradesh,Lower Subansiri,3205.0,1486,Dollungmukh Circle,True
32,Arunachal Pradesh,206,West Arunachal Pradesh,Lower Subansiri,3205.0,1487,Kamporijo Circle,True
32,Arunachal Pradesh,206,West Arunachal Pradesh,Lower Subansiri,3205.0,1488,Koloriang Circle,True
32,Arunachal Pradesh,206,West Arunachal Pradesh,Lower Subansiri,3205.0,1489,Longding Koling Circle,True
32,Arunachal Pradesh,206,West Arunachal Pradesh,Lower Subansiri,3205.0,1490,Nyapin Circle,True
32,Arunachal Pradesh,206,West Arunachal Pradesh,Lower Subansiri,3205.0,1491,Palin Circle,True
32,Arunachal Pradesh,206,West Arunachal Pradesh,Lower Subansiri,3205.0,1492,Parsi-Parlo Circle,True
32,Arunachal Pradesh,206,West Arunachal Pradesh,Lower Subansiri,3205.0,1493,Pistana Circle,True
32,Arunachal Pradesh,206,West Arunachal Pradesh,Lower Subansiri,3205.0,1494,Raga Circle,True
32,Arunachal Pradesh,206,West Arunachal Pradesh,Lower Subansiri,3205.0,1495,Sangram Circle,True
32,Arunachal Pradesh,206,West Arunachal Pradesh,Lower Subansiri,3205.0,1496,Sarli Circle,True
32,Arunachal Pradesh,206,West Arunachal Pradesh,Lower Subansiri,3205.0,1497,Tali Circle,True
32,Arunachal Pradesh,206,West Arunachal Pradesh,Lower Subansiri,3205.0,1498,Yachuli Circle,True
32,Arunachal Pradesh,206,West Arunachal Pradesh,Lower Subansiri,3205.0,1499,Yangte Circle,True
32,Arunachal Pradesh,206,West Arunachal Pradesh,Lower Subansiri,3205.0,1500,Ziro Circle,True
32,Arunachal Pradesh,206,West Arunachal Pradesh,Papum Pare,3206.0,1506,Balijan Circle,True
32,Arunachal Pradesh,206,West Arunachal Pradesh,Papum Pare,3206.0,1507,Doimukh Circle,True
32,Arunachal Pradesh,206,West Arunachal Pradesh,Papum Pare,3206.0,1508,Itanagar Circle,True
32,Arunachal Pradesh,206,West Arunachal Pradesh,Papum Pare,3206.0,1509,Kimin Circle,True
32,Arunachal Pradesh,206,West Arunachal Pradesh,Papum Pare,3206.0,1510,Leporiang Circle,True
32,Arunachal Pradesh,206,West Arunachal Pradesh,Papum Pare,3206.0,1511,Mengio Circle,True
32,Arunachal Pradesh,206,West Arunachal Pradesh,Papum Pare,3206.0,1512,Naharlagun Circle,True
32,Arunachal Pradesh,206,West Arunachal Pradesh,Papum Pare,3206.0,1513,Sagalee Circle,True
32,Arunachal Pradesh,206,West Arunachal Pradesh,Papum Pare,3206.0,1514,Toru Circle,True
32,Arunachal Pradesh,206,West Arunachal Pradesh,Tawang,3201.0,1519,Dudunghar Circle,True
32,Arunachal Pradesh,206,West Arunachal Pradesh,Tawang,3201.0,1520,Jang Circle,True
32,Arunachal Pradesh,206,West Arunachal Pradesh,Tawang,3201.0,1521,Lumla Circle,True
32,Arunachal Pradesh,206,West Arunachal Pradesh,Tawang,3201.0,1522,Mukto Circle,True
32,Arunachal Pradesh,206,West Arunachal Pradesh,Tawang,3201.0,1523,Tawang Circle,True
32,Arunachal Pradesh,206,West Arunachal Pradesh,Tawang,3201.0,1524,Thingbu Circle,True
32,Arunachal Pradesh,206,West Arunachal Pradesh,Tawang,3201.0,1525,Zemithang Circle,True
32,Arunachal Pradesh,206,West Arunachal Pradesh,Upper Subansiri,3204.0,1526,Baririjo Circle,True
32,Arunachal Pradesh,206,West Arunachal Pradesh,Upper Subansiri,3204.0,1527,Daporijo Circle,True
32,Arunachal Pradesh,206,West Arunachal Pradesh,Upper Subansiri,3204.0,1528,Dumporijo Circle,True
32,Arunachal Pradesh,206,West Arunachal Pradesh,Upper Subansiri,3204.0,1529,Giba Circle,True
32,Arunachal Pradesh,206,West Arunachal Pradesh,Upper Subansiri,3204.0,1530,Limeking Circle,True
32,Arunachal Pradesh,206,West Arunachal Pradesh,Upper Subansiri,3204.0,1531,Nacho Circle,True
32,Arunachal Pradesh,206,West Arunachal Pradesh,Upper Subansiri,3204.0,1532,Payeng Circle,True
32,Arunachal Pradesh,206,West Arunachal Pradesh,Upper Subansiri,3204.0,1533,Puchi Geko Circle,True
32,Arunachal Pradesh,206,West Arunachal Pradesh,Upper Subansiri,3204.0,1534,Siyum Circle,True
32,Arunachal Pradesh,206,West Arunachal Pradesh,Upper Subansiri,3204.0,1535,Taksing Circle,True
32,Arunachal Pradesh,206,West Arunachal Pradesh,Upper Subansiri,3204.0,1536,Taliha Circle,True
32,Arunachal Pradesh,206,West Arunachal Pradesh,West Kameng,3202.0,1537,Balemu Circle,True
32,Arunachal Pradesh,206,West Arunachal Pradesh,West Kameng,3202.0,1538,Bhalukpong Circle,True
32,Arunachal Pradesh,206,West Arunachal Pradesh,West Kameng,3202.0,1539,Bomdila Circle,True
32,Arunachal Pradesh,206,West Arunachal Pradesh,West Kameng,3202.0,1540,Dirang Circle,True
32,Arunachal Pradesh,206,West Arunachal Pradesh,West Kameng,3202.0,1541,Jamiri Circle,True
32,Arunachal Pradesh,206,West Arunachal Pradesh,West Kameng,3202.0,1542,Kalaktang Circle,True
32,Arunachal Pradesh,206,West Arunachal Pradesh,West Kameng,3202.0,1543,Nafra Circle,True
32,Arunachal Pradesh,206,West Arunachal Pradesh,West Kameng,3202.0,1544,Rupa Circle,True
32,Arunachal Pradesh,206,West Arunachal Pradesh,West Kameng,3202.0,1545,Singchung Circle,True
32,Arunachal Pradesh,206,West Arunachal Pradesh,West Kameng,3202.0,1546,Thrizino Circle,True
32,Arunachal Pradesh,206,West Arunachal Pradesh,West Siang,3207.0,1547,Along Circle,True
32,Arunachal Pradesh,206,West Arunachal Pradesh,West Siang,3207.0,1548,Bagra Circle,True
32,Arunachal Pradesh,206,West Arunachal Pradesh,West Siang,3207.0,1549,Basar Circle,True
32,Arunachal Pradesh,206,West Arunachal Pradesh,West Siang,3207.0,1550,Darak Circle,True
32,Arunachal Pradesh,206,West Arunachal Pradesh,West Siang,3207.0,1551,Daring Circle,True
32,Arunachal Pradesh,206,West Arunachal Pradesh,West Siang,3207.0,1552,Gensi Circle,True
32,Arunachal Pradesh,206,West Arunachal Pradesh,West Siang,3207.0,1553,Jomlo Mobuk Circle,True
32,Arunachal Pradesh,206,West Arunachal Pradesh,West Siang,3207.0,1554,Kamba Circle,True
32,Arunachal Pradesh,206,West Arunachal Pradesh,West Siang,3207.0,1555,Kangku Circle,True
32,Arunachal Pradesh,206,West Arunachal Pradesh,West Siang,3207.0,1556,Kaying Circle,True
32,Arunachal Pradesh,206,West Arunachal Pradesh,West Siang,3207.0,1557,Likabali Circle,True
32,Arunachal Pradesh,206,West Arunachal Pradesh,West Siang,3207.0,1558,Liromoba Circle,True
32,Arunachal Pradesh,206,West Arunachal Pradesh,West Siang,3207.0,1559,Mechuka Circle,True
32,Arunachal Pradesh,206,West Arunachal Pradesh,West Siang,3207.0,1560,Monigong Circle,True
32,Arunachal Pradesh,206,West Arunachal Pradesh,West Siang,3207.0,1561,Payum Circle,True
32,Arunachal Pradesh,206,West Arunachal Pradesh,West Siang,3207.0,1562,Pidi Circle,True
32,Arunachal Pradesh,206,West Arunachal Pradesh,West Siang,3207.0,1563,Rumgong Circle,True
32,Arunachal Pradesh,206,West Arunachal Pradesh,West Siang,3207.0,1564,Tato Circle,True
32,Arunachal Pradesh,206,West Arunachal Pradesh,West Siang,3207.0,1565,Tirbin Circle,True
32,Arunachal Pradesh,206,West Arunachal Pradesh,West Siang,3207.0,1566,Yomcha Circle,True
2,Assam,207,Barak Valley,Cachar,201.0,1567,Katigora,True
2,Assam,207,Barak Valley,Cachar,201.0,1568,Lakhipur,True
2,Assam,207,Barak Valley,Cachar,201.0,1569,Silchar,True
2,Assam,207,Barak Valley,Cachar,201.0,1570,Sonai,True
2,Assam,207,Barak Valley,Cachar,201.0,1571,Sonai,True
2,Assam,207,Barak Valley,Cachar,201.0,1572,Udarbond,True
2,Assam,207,Barak Valley,Hailakandi,222.0,1573,Algapur,True
2,Assam,207,Barak Valley,Hailakandi,222.0,1574,Hailakandi,True
2,Assam,207,Barak Valley,Hailakandi,222.0,1575,Katlichara,True
2,Assam,207,Barak Valley,Hailakandi,222.0,1576,Lala,True
2,Assam,207,Barak Valley,Karimganj,202.0,1577,Badarpur,True
2,Assam,207,Barak Valley,Karimganj,202.0,1578,Karimganj,True
2,Assam,207,Barak Valley,Karimganj,202.0,1579,Nilambazar,True
2,Assam,207,Barak Valley,Karimganj,202.0,1580,Patharkandi,True
2,Assam,207,Barak Valley,Karimganj,202.0,1581,Ramkrishna Nagar,True
2,Assam,208,Guwahati,Barpeta,207.0,1586,Baghbor,True
2,Assam,208,Guwahati,Barpeta,207.0,1587,Bajali,True
2,Assam,208,Guwahati,Barpeta,207.0,1588,Barnagar,True
2,Assam,208,Guwahati,Barpeta,207.0,1589,Barpeta,True
2,Assam,208,Guwahati,Barpeta,207.0,1590,Jalah,True
2,Assam,208,Guwahati,Barpeta,207.0,1591,Kalgachia,True
2,Assam,208,Guwahati,Barpeta,207.0,1592,Sarthebari,True
2,Assam,208,Guwahati,Barpeta,207.0,1593,Sarupeta,True
2,Assam,208,Guwahati,Bongaigaon,219.0,1594,Bijni,True
2,Assam,208,Guwahati,Bongaigaon,219.0,1595,Boitamari,True
2,Assam,208,Guwahati,Bongaigaon,219.0,1596,Bongaigaon,True
2,Assam,208,Guwahati,Bongaigaon,219.0,1597,Sidli (PT-II),True
2,Assam,208,Guwahati,Bongaigaon,219.0,1598,Srijangram,True
2,Assam,208,Guwahati,Chirang,226.0,1599,bijini,True
2,Assam,208,Guwahati,Dhubri,204.0,1600,Agamoni,True
2,Assam,208,Guwahati,Dhubri,204.0,1601,BagribariI,True
2,Assam,208,Guwahati,Dhubri,204.0,1602,Bilasipara,True
2,Assam,208,Guwahati,Dhubri,204.0,1603,Chapar,True
2,Assam,208,Guwahati,Dhubri,204.0,1604,Dhubri,True
2,Assam,208,Guwahati,Dhubri,204.0,1605,Golokganj,True
2,Assam,208,Guwahati,Dhubri,204.0,1606,Mankachar,True
2,Assam,208,Guwahati,Dhubri,204.0,1607,South Salmara,True
2,Assam,208,Guwahati,Goalpara,203.0,1608,Balijana,True
2,Assam,208,Guwahati,Goalpara,203.0,1609,Dudhnai,True
2,Assam,208,Guwahati,Goalpara,203.0,1610,Lakhipur,True
2,Assam,208,Guwahati,Goalpara,203.0,1611,Matia,True
2,Assam,208,Guwahati,Goalpara,203.0,1612,Rangjuli,True
2,Assam,208,Guwahati,Kamrup,206.0,1613,Boko,True
2,Assam,208,Guwahati,Kamrup,206.0,1614,Chamaria,True
2,Assam,208,Guwahati,Kamrup,206.0,1615,Chandrapur,True
2,Assam,208,Guwahati,Kamrup,206.0,1616,Chhaygaon,True
2,Assam,208,Guwahati,Kamrup,206.0,1617,Dispur,True
2,Assam,208,Guwahati,Kamrup,206.0,1618,Goreswar,True
2,Assam,208,Guwahati,Kamrup,206.0,1619,Guwahati,True
2,Assam,208,Guwahati,Kamrup,206.0,1620,Hajo,True
2,Assam,208,Guwahati,Kamrup,206.0,1621,Kamalpur,True
2,Assam,208,Guwahati,Kamrup,206.0,1622,Kamalpur,True
2,Assam,208,Guwahati,Kamrup,206.0,1623,Nagarbera,True
2,Assam,208,Guwahati,Kamrup,206.0,1624,North Guwahati,True
2,Assam,208,Guwahati,Kamrup,206.0,1625,Palasbari,True
2,Assam,208,Guwahati,Kamrup,206.0,1626,Rangia,True
2,Assam,208,Guwahati,Kamrup,206.0,1627,Sonapur,True
2,Assam,208,Guwahati,Kokrajhar,205.0,1628,Bhowraguri,True
2,Assam,208,Guwahati,Kokrajhar,205.0,1629,Dotoma,True
2,Assam,208,Guwahati,Kokrajhar,205.0,1630,Gossaigaon,True
2,Assam,208,Guwahati,Kokrajhar,205.0,1631,Kokrajhar,True
2,Assam,208,Guwahati,Kokrajhar,205.0,1632,Sidli (PT-I),True
2,Assam,208,Guwahati,Nalbari,217.0,1633,Barama,True
2,Assam,208,Guwahati,Nalbari,217.0,1634,Barbhag,True
2,Assam,208,Guwahati,Nalbari,217.0,1635,Barkhetri,True
2,Assam,208,Guwahati,Nalbari,217.0,1636,Baska,True
2,Assam,208,Guwahati,Nalbari,217.0,1637,Ghograpar,True
2,Assam,208,Guwahati,Nalbari,217.0,1638,Nalbari,True
2,Assam,208,Guwahati,Nalbari,217.0,1639,Pachim Nalbari,True
2,Assam,208,Guwahati,Nalbari,217.0,1640,Tamulpur,True
2,Assam,208,Guwahati,Nalbari,217.0,1641,Tihu,True
2,Assam,209,Jorhat,Dhemaji,220.0,1642,Dhakuakhana (PT-II),True
2,Assam,209,Jorhat,Dhemaji,220.0,1643,Dhemaji,True
2,Assam,209,Jorhat,Dhemaji,220.0,1644,Jonai,True
2,Assam,209,Jorhat,Dhemaji,220.0,1645,Sissibargaon,True
2,Assam,209,Jorhat,Dhemaji,220.0,1646,Subansiri (PT-II),True
2,Assam,209,Jorhat,Dibrugarh,214.0,1647,Chabua,True
2,Assam,209,Jorhat,Dibrugarh,214.0,1648,Dibrugarh East,True
2,Assam,209,Jorhat,Dibrugarh,214.0,1649,Dibrugarh West,True
2,Assam,209,Jorhat,Dibrugarh,214.0,1650,Moran,True
2,Assam,209,Jorhat,Dibrugarh,214.0,1651,Naharkathiya,True
2,Assam,209,Jorhat,Dibrugarh,214.0,1652,Tengakhat,True
2,Assam,209,Jorhat,Dibrugarh,214.0,1653,Tingkhong,True
2,Assam,209,Jorhat,Golaghat,218.0,1654,Bokakhat,True
2,Assam,209,Jorhat,Golaghat,218.0,1655,Dergaon,True
2,Assam,209,Jorhat,Golaghat,218.0,1656,Golaghat,True
2,Assam,209,Jorhat,Golaghat,218.0,1657,Khumtai,True
2,Assam,209,Jorhat,Golaghat,218.0,1658,Sarupathar,True
2,Assam,209,Jorhat,Jorhat,211.0,1659,Jorhat East,True
2,Assam,209,Jorhat,Jorhat,211.0,1660,Jorhat West,True
2,Assam,209,Jorhat,Jorhat,211.0,1661,Majuli,True
2,Assam,209,Jorhat,Jorhat,211.0,1662,Teok,True
2,Assam,209,Jorhat,Jorhat,211.0,1663,Titabar,True
2,Assam,209,Jorhat,Lakhimpur,213.0,1664,Bihpuraia,True
2,Assam,209,Jorhat,Lakhimpur,213.0,1665,Dhakuakhana (PT-I),True
2,Assam,209,Jorhat,Lakhimpur,213.0,1666,Kadam,True
2,Assam,209,Jorhat,Lakhimpur,213.0,1667,Naobaicha,True
2,Assam,209,Jorhat,Lakhimpur,213.0,1668,Narayanpur,True
2,Assam,209,Jorhat,Lakhimpur,213.0,1669,North Lakhimpur,True
2,Assam,209,Jorhat,Lakhimpur,213.0,1670,Subansiri (PT-I),True
2,Assam,209,Jorhat,Sibasagar,212.0,1671,Amguri,True
2,Assam,209,Jorhat,Sibasagar,212.0,1672,Amguri,True
2,Assam,209,Jorhat,Sibasagar,212.0,1673,Dimow,True
2,Assam,209,Jorhat,Sibasagar,212.0,1674,Mahmora,True
2,Assam,209,Jorhat,Sibasagar,212.0,1675,Nazira,True
2,Assam,209,Jorhat,Sibasagar,212.0,1676,Nazira,True
2,Assam,209,Jorhat,Sibasagar,212.0,1677,Sibsagar,True
2,Assam,209,Jorhat,Sibasagar,212.0,1678,Sonari,True
2,Assam,209,Jorhat,Sibasagar,212.0,1679,Sonari,True
2,Assam,209,Jorhat,Tinsukia,223.0,1680,Doom Dooma,True
2,Assam,209,Jorhat,Tinsukia,223.0,1681,Margherita,True
2,Assam,209,Jorhat,Tinsukia,223.0,1682,Sadiya,True
2,Assam,209,Jorhat,Tinsukia,223.0,1683,Tinsukia,True
2,Assam,210,Nagaon,Dima-Hasao,216.0,1684,Haflong,True
2,Assam,210,Nagaon,Karbi Anglong,215.0,1685,Diphu,True
2,Assam,210,Nagaon,Karbi Anglong,215.0,1686,Diphu,True
2,Assam,210,Nagaon,Karbi Anglong,215.0,1687,Donka,True
2,Assam,210,Nagaon,Karbi Anglong,215.0,1688,Phuloni,True
2,Assam,210,Nagaon,Karbi Anglong,215.0,1689,Phuloni,True
2,Assam,210,Nagaon,Karbi Anglong,215.0,1690,Silonijan,True
2,Assam,210,Nagaon,Marigaon,221.0,1691,Bhuragaon,True
2,Assam,210,Nagaon,Marigaon,221.0,1692,Laharighat,True
2,Assam,210,Nagaon,Marigaon,221.0,1693,Marigaon,True
2,Assam,210,Nagaon,Marigaon,221.0,1694,Mayong,True
2,Assam,210,Nagaon,Marigaon,221.0,1695,Mikirbheta,True
2,Assam,210,Nagaon,Nagaon,210.0,1696,Dhing,True
2,Assam,210,Nagaon,Nagaon,210.0,1697,Hojai,True
2,Assam,210,Nagaon,Nagaon,210.0,1698,Kampur,True
2,Assam,210,Nagaon,Nagaon,210.0,1699,Koliabor,True
2,Assam,210,Nagaon,Nagaon,210.0,1700,Lanka,True
2,Assam,210,Nagaon,Nagaon,210.0,1701,Nagaon,True
2,Assam,210,Nagaon,Nagaon,210.0,1702,Raha,True
2,Assam,210,Nagaon,Nagaon,210.0,1703,Rupahi,True
2,Assam,210,Nagaon,Nagaon,210.0,1704,Rupahi,True
2,Assam,210,Nagaon,Nagaon,210.0,1705,Samaguri,True
2,Assam,210,Nagaon,Nagaon,210.0,1706,Samaguri,True
2,Assam,211,Tezpur,Darrang,208.0,1707,Dalgaon,True
2,Assam,211,Tezpur,Darrang,208.0,1708,Dalgaon,True
2,Assam,211,Tezpur,Darrang,208.0,1709,Harisinga,True
2,Assam,211,Tezpur,Darrang,208.0,1710,Kalajgaon,True
2,Assam,211,Tezpur,Darrang,208.0,1711,Khoirabari,True
2,Assam,211,Tezpur,Darrang,208.0,1712,Majbat,True
2,Assam,211,Tezpur,Darrang,208.0,1713,Mangaldoi,True
2,Assam,211,Tezpur,Darrang,208.0,1714,Pathorighat,True
2,Assam,211,Tezpur,Darrang,208.0,1715,Sipajhar,True
2,Assam,211,Tezpur,Darrang,208.0,1716,Udalguri,True
2,Assam,211,Tezpur,Sonitpur,209.0,1717,Biswanath,True
2,Assam,211,Tezpur,Sonitpur,209.0,1718,Chariduar,True
2,Assam,211,Tezpur,Sonitpur,209.0,1719,Dhekiajuli,True
2,Assam,211,Tezpur,Sonitpur,209.0,1720,Gohpur,True
2,Assam,211,Tezpur,Sonitpur,209.0,1721,Helem,True
2,Assam,211,Tezpur,Sonitpur,209.0,1722,Na-Duar,True
2,Assam,211,Tezpur,Sonitpur,209.0,1723,Tezpur,True
3,Bihar,212,Bhagalpur,Banka,321.0,1724,Amarpur,True
3,Bihar,212,Bhagalpur,Banka,321.0,1725,Banka,True
3,Bihar,212,Bhagalpur,Banka,321.0,1726,Barahat,True
3,Bihar,212,Bhagalpur,Banka,321.0,1727,Belhar,True
3,Bihar,212,Bhagalpur,Banka,321.0,1728,Bounsi,True
3,Bihar,212,Bhagalpur,Banka,321.0,1729,Chandan,True
3,Bihar,212,Bhagalpur,Banka,321.0,1730,Dhoraiya,True
3,Bihar,212,Bhagalpur,Banka,321.0,1731,Fullidumar,True
3,Bihar,212,Bhagalpur,Banka,321.0,1732,Katoriya,True
3,Bihar,212,Bhagalpur,Banka,321.0,1733,Rajoun,True
3,Bihar,212,Bhagalpur,Banka,321.0,1734,Sambhuganj,True
3,Bihar,212,Bhagalpur,Bhagalpur,320.0,1735,Bihpur,True
3,Bihar,212,Bhagalpur,Bhagalpur,320.0,1736,Gopalpur,True
3,Bihar,212,Bhagalpur,Bhagalpur,320.0,1737,Goradih,True
3,Bihar,212,Bhagalpur,Bhagalpur,320.0,1738,Ismailpur,True
3,Bihar,212,Bhagalpur,Bhagalpur,320.0,1739,Jagdishpur,True
3,Bihar,212,Bhagalpur,Bhagalpur,320.0,1740,Kahalgaon,True
3,Bihar,212,Bhagalpur,Bhagalpur,320.0,1741,Kharik,True
3,Bihar,212,Bhagalpur,Bhagalpur,320.0,1742,Narayanpur,True
3,Bihar,212,Bhagalpur,Bhagalpur,320.0,1743,Nathnagar,True
3,Bihar,212,Bhagalpur,Bhagalpur,320.0,1744,Naugachhiya,True
3,Bihar,212,Bhagalpur,Bhagalpur,320.0,1745,Pirpainty,True
3,Bihar,212,Bhagalpur,Bhagalpur,320.0,1746,Rangrachowk,True
3,Bihar,212,Bhagalpur,Bhagalpur,320.0,1747,Sabour,True
3,Bihar,212,Bhagalpur,Bhagalpur,320.0,1748,Sanhaula,True
3,Bihar,212,Bhagalpur,Bhagalpur,320.0,1749,Shahkund,True
3,Bihar,212,Bhagalpur,Bhagalpur,320.0,1750,Sultanganj,True
3,Bihar,213,Darbhanga,Darbhanga,315.0,1751,Ali Nagar,True
3,Bihar,213,Darbhanga,Darbhanga,315.0,1752,Bahadurpur,True
3,Bihar,213,Darbhanga,Darbhanga,315.0,1753,Baheri,True
3,Bihar,213,Darbhanga,Darbhanga,315.0,1754,Benipur,True
3,Bihar,213,Darbhanga,Darbhanga,315.0,1755,Biraul,True
3,Bihar,213,Darbhanga,Darbhanga,315.0,1756,Darbhanga Sadar,True
3,Bihar,213,Darbhanga,Darbhanga,315.0,1757,Gaura Bauram,True
3,Bihar,213,Darbhanga,Darbhanga,315.0,1758,Ghanshyampur,True
3,Bihar,213,Darbhanga,Darbhanga,315.0,1759,Hanuman Nagar,True
3,Bihar,213,Darbhanga,Darbhanga,315.0,1760,Hayaghat,True
3,Bihar,213,Darbhanga,Darbhanga,315.0,1761,Jale,True
3,Bihar,213,Darbhanga,Darbhanga,315.0,1762,Keoti,True
3,Bihar,213,Darbhanga,Darbhanga,315.0,1763,Kiratpur,True
3,Bihar,213,Darbhanga,Darbhanga,315.0,1764,Kusheshwar Asthan,True
3,Bihar,213,Darbhanga,Darbhanga,315.0,1765,Kusheshwar Asthan East,True
3,Bihar,213,Darbhanga,Darbhanga,315.0,1766,Manigachhi,True
3,Bihar,213,Darbhanga,Darbhanga,315.0,1767,Singhwara,True
3,Bihar,213,Darbhanga,Darbhanga,315.0,1768,Tardih,True
3,Bihar,213,Darbhanga,Madhubani,316.0,1769,Alamnagar,True
3,Bihar,213,Darbhanga,Samastipur,317.0,1782,Bibhutipur,True
3,Bihar,213,Darbhanga,Samastipur,317.0,1783,Bithan,True
3,Bihar,213,Darbhanga,Samastipur,317.0,1784,Dalsingsarai,True
3,Bihar,213,Darbhanga,Samastipur,317.0,1785,Hasanpur,True
3,Bihar,213,Darbhanga,Samastipur,317.0,1786,Kalyanpur,True
3,Bihar,213,Darbhanga,Samastipur,317.0,1787,Khanpur,True
3,Bihar,213,Darbhanga,Samastipur,317.0,1788,Mohanpur,True
3,Bihar,213,Darbhanga,Samastipur,317.0,1789,Mohiuddin Nagar,True
3,Bihar,213,Darbhanga,Samastipur,317.0,1790,Morwa,True
3,Bihar,213,Darbhanga,Samastipur,317.0,1791,Patori,True
3,Bihar,213,Darbhanga,Samastipur,317.0,1792,Pusa,True
3,Bihar,213,Darbhanga,Samastipur,317.0,1793,Rosera,True
3,Bihar,213,Darbhanga,Samastipur,317.0,1794,Sarairanjan,True
3,Bihar,213,Darbhanga,Samastipur,317.0,1795,Shivajinagar,True
3,Bihar,213,Darbhanga,Samastipur,317.0,1796,Singhiya,True
3,Bihar,213,Darbhanga,Samastipur,317.0,1797,Tajpur,True
3,Bihar,213,Darbhanga,Samastipur,317.0,1798,Ujiyarpur,True
3,Bihar,213,Darbhanga,Samastipur,317.0,1799,Vidyapatinagar,True
3,Bihar,213,Darbhanga,Samastipur,317.0,1800,Warishnagar,True
3,Bihar,214,Kosi,Madhepura,312.0,1801,Alamnagar,True
3,Bihar,214,Kosi,Saharsa,325.0,1814,Banma Itahri,True
3,Bihar,214,Kosi,Supaul,335.0,1825,Basantpur,True
3,Bihar,215,Magadh,Arwal,338.0,1835,Barun,True
3,Bihar,215,Magadh,Arwal,338.0,1836,Kaler,True
3,Bihar,215,Magadh,Arwal,338.0,1837,Karpi,True
3,Bihar,215,Magadh,Arwal,338.0,1838,Kurtha,True
3,Bihar,215,Magadh,Arwal,338.0,1839,Sonbhadra Banshi Suryapur,True
3,Bihar,215,Magadh,Aurangabad,306.0,1840,Amas,True
3,Bihar,215,Magadh,Aurangabad,306.0,1841,Daudnagar,True
3,Bihar,215,Magadh,Aurangabad,306.0,1842,Deo,True
3,Bihar,215,Magadh,Aurangabad,306.0,1843,Goh,True
3,Bihar,215,Magadh,Aurangabad,306.0,1844,Haspura,True
3,Bihar,215,Magadh,Aurangabad,306.0,1845,Kutumba,True
3,Bihar,215,Magadh,Aurangabad,306.0,1846,Madanpur,True
3,Bihar,215,Magadh,Aurangabad,306.0,1847,Navinagar,True
3,Bihar,215,Magadh,Aurangabad,306.0,1848,Obra,True
3,Bihar,215,Magadh,Aurangabad,306.0,1849,Rafiganj,True
3,Bihar,215,Magadh,Gaya,305.0,1850,Atri,True
3,Bihar,215,Magadh,Gaya,305.0,1851,Banke Bazar,True
3,Bihar,215,Magadh,Gaya,305.0,1852,Barachatti,True
3,Bihar,215,Magadh,Gaya,305.0,1853,Belaganj,True
3,Bihar,215,Magadh,Gaya,305.0,1854,Bodh Gaya,True
3,Bihar,215,Magadh,Gaya,305.0,1855,Dobhi,True
3,Bihar,215,Magadh,Gaya,305.0,1856,Dumaria,True
3,Bihar,215,Magadh,Gaya,305.0,1857,Fatehpur,True
3,Bihar,215,Magadh,Gaya,305.0,1858,Gaya Town,True
3,Bihar,215,Magadh,Gaya,305.0,1859,Ghoshi,True
3,Bihar,215,Magadh,Gaya,305.0,1860,Guraru,True
3,Bihar,215,Magadh,Gaya,305.0,1861,Gurua,True
3,Bihar,215,Magadh,Gaya,305.0,1862,Imamganj,True
3,Bihar,215,Magadh,Gaya,305.0,1863,Khizirsarai,True
3,Bihar,215,Magadh,Gaya,305.0,1864,Konch,True
3,Bihar,215,Magadh,Gaya,305.0,1865,Manpur,True
3,Bihar,215,Magadh,Gaya,305.0,1866,Mohanpur,True
3,Bihar,215,Magadh,Gaya,305.0,1867,Muhra,True
3,Bihar,215,Magadh,Gaya,305.0,1868,Neem Chak Bathani,True
3,Bihar,215,Magadh,Gaya,305.0,1869,Paraiya,True
3,Bihar,215,Magadh,Gaya,305.0,1870,Sherghati,True
3,Bihar,215,Magadh,Gaya,305.0,1871,Tan Kuppa,True
3,Bihar,215,Magadh,Gaya,305.0,1872,Tikari,True
3,Bihar,215,Magadh,Gaya,305.0,1873,Wazirganj,True
3,Bihar,215,Magadh,Jehanabad,330.0,1874,Hulasganj,True
3,Bihar,215,Magadh,Nawada,331.0,1881,Akbarpur,True
3,Bihar,216,Munger,Begusarai,318.0,1895,Bachhwara,True
3,Bihar,216,Munger,Begusarai,318.0,1896,Bakhari,True
3,Bihar,216,Munger,Begusarai,318.0,1897,Balia,True
3,Bihar,216,Munger,Begusarai,318.0,1898,Barauni,True
3,Bihar,216,Munger,Begusarai,318.0,1899,Begusarai,True
3,Bihar,216,Munger,Begusarai,318.0,1900,Bhagwanpur,True
3,Bihar,216,Munger,Begusarai,318.0,1901,Birpur,True
3,Bihar,216,Munger,Begusarai,318.0,1902,Cheriabariyarpur,True
3,Bihar,216,Munger,Begusarai,318.0,1903,Chhorahi,True
3,Bihar,216,Munger,Begusarai,318.0,1904,Dandari,True
3,Bihar,216,Munger,Begusarai,318.0,1905,Garhpura,True
3,Bihar,216,Munger,Begusarai,318.0,1906,Khodawandpur,True
3,Bihar,216,Munger,Begusarai,318.0,1907,Mansurchak,True
3,Bihar,216,Munger,Begusarai,318.0,1908,Matihani,True
3,Bihar,216,Munger,Begusarai,318.0,1909,Naokothi,True
3,Bihar,216,Munger,Begusarai,318.0,1910,Sahebpur Kamal,True
3,Bihar,216,Munger,Begusarai,318.0,1911,Samho Akha Kurha,True
3,Bihar,216,Munger,Begusarai,318.0,1912,Teghra,True
3,Bihar,216,Munger,Jamui,332.0,1913,Chakai,True
3,Bihar,216,Munger,Khagaria,319.0,1922,Alauli,True
3,Bihar,216,Munger,Lakhisarai,323.0,1929,Barahiya,True
3,Bihar,216,Munger,Munger,322.0,1936,Asarganj,True
3,Bihar,216,Munger,Sheikhpura,324.0,1945,Ariari,True
3,Bihar,217,Patna,Bhojpur,303.0,1951,Agiaon,True
3,Bihar,217,Patna,Bhojpur,303.0,1952,Arrah,True
3,Bihar,217,Patna,Bhojpur,303.0,1953,Barhara,True
3,Bihar,217,Patna,Bhojpur,303.0,1954,Bihiya,True
3,Bihar,217,Patna,Bhojpur,303.0,1955,Charpokhari,True
3,Bihar,217,Patna,Bhojpur,303.0,1956,Garhani,True
3,Bihar,217,Patna,Bhojpur,303.0,1957,Jagdispur,True
3,Bihar,217,Patna,Bhojpur,303.0,1958,Koilwar,True
3,Bihar,217,Patna,Bhojpur,303.0,1959,Piro,True
3,Bihar,217,Patna,Bhojpur,303.0,1960,Sahar,True
3,Bihar,217,Patna,Bhojpur,303.0,1961,Sandesh,True
3,Bihar,217,Patna,Bhojpur,303.0,1962,Shahpur,True
3,Bihar,217,Patna,Bhojpur,303.0,1963,Tarari,True
3,Bihar,217,Patna,Bhojpur,303.0,1964,Udwantnagar,True
3,Bihar,217,Patna,Buxar,328.0,1965,Brahampur,True
3,Bihar,217,Patna,Buxar,328.0,1966,Buxar,True
3,Bihar,217,Patna,Buxar,328.0,1967,Chakki,True
3,Bihar,217,Patna,Buxar,328.0,1968,Chausa,True
3,Bihar,217,Patna,Buxar,328.0,1969,Chougain,True
3,Bihar,217,Patna,Buxar,328.0,1970,Dumraon,True
3,Bihar,217,Patna,Buxar,328.0,1971,Itarhi,True
3,Bihar,217,Patna,Buxar,328.0,1972,Kesath,True
3,Bihar,217,Patna,Buxar,328.0,1973,Nawanagar,True
3,Bihar,217,Patna,Buxar,328.0,1974,Rajpur,True
3,Bihar,217,Patna,Buxar,328.0,1975,Simri,True
3,Bihar,217,Patna,Kaimur,329.0,1976,Bhabua,True
3,Bihar,217,Patna,Kaimur,329.0,1977,Mohania,True
3,Bihar,217,Patna,Nalanda,302.0,1978,Asthawan,True
3,Bihar,217,Patna,Patna,301.0,1998,Athmal gola,True
3,Bihar,217,Patna,Patna,301.0,1999,Bakhtiyarpur,True
3,Bihar,217,Patna,Patna,301.0,2000,Barh,True
3,Bihar,217,Patna,Patna,301.0,2001,Belchhi,True
3,Bihar,217,Patna,Patna,301.0,2002,Bihta,True
3,Bihar,217,Patna,Patna,301.0,2003,Bikram,True
3,Bihar,217,Patna,Patna,301.0,2004,Danapur,True
3,Bihar,217,Patna,Patna,301.0,2005,Daniyawan,True
3,Bihar,217,Patna,Patna,301.0,2006,Dhanarua,True
3,Bihar,217,Patna,Patna,301.0,2007,Dulhinbazar,True
3,Bihar,217,Patna,Patna,301.0,2008,Fatwah,True
3,Bihar,217,Patna,Patna,301.0,2009,Ghoswari,True
3,Bihar,217,Patna,Patna,301.0,2010,Khusrupur,True
3,Bihar,217,Patna,Patna,301.0,2011,Maner,True
3,Bihar,217,Patna,Patna,301.0,2012,Masaurhi,True
3,Bihar,217,Patna,Patna,301.0,2013,Mokama,True
3,Bihar,217,Patna,Patna,301.0,2014,Naubatpur,True
3,Bihar,217,Patna,Patna,301.0,2015,Paliganj,True
3,Bihar,217,Patna,Patna,301.0,2016,Pandarak,True
3,Bihar,217,Patna,Patna,301.0,2017,Patna Sadar,True
3,Bihar,217,Patna,Patna,301.0,2018,Phulwarisarif,True
3,Bihar,217,Patna,Patna,301.0,2019,Punpun,True
3,Bihar,217,Patna,Patna,301.0,2020,Sampatchak,True
3,Bihar,217,Patna,Rohtas,304.0,2021,Akorhi Gola,True
3,Bihar,218,Purnea,Araria,334.0,2040,Araria,True
3,Bihar,218,Purnea,Araria,334.0,2041,Bhargama,True
3,Bihar,218,Purnea,Araria,334.0,2042,Forbesganj,True
3,Bihar,218,Purnea,Araria,334.0,2043,Jokihat,True
3,Bihar,218,Purnea,Araria,334.0,2044,Kursakanta,True
3,Bihar,218,Purnea,Araria,334.0,2045,Narpatganj,True
3,Bihar,218,Purnea,Araria,334.0,2046,Palasi,True
3,Bihar,218,Purnea,Araria,334.0,2047,Raniganj,True
3,Bihar,218,Purnea,Araria,334.0,2048,Sikti,True
3,Bihar,218,Purnea,Katihar,327.0,2049,Amdabad,True
3,Bihar,218,Purnea,Kishanganj,333.0,2065,Bahadurganj,True
3,Bihar,218,Purnea,Purnea,326.0,2072,Amour,True
3,Bihar,218,Purnea,Purnea,326.0,2073,Baisa,True
3,Bihar,218,Purnea,Purnea,326.0,2074,Baisi,True
3,Bihar,218,Purnea,Purnea,326.0,2075,Banmankhi,True
3,Bihar,218,Purnea,Purnea,326.0,2076,Barhara Kothi,True
3,Bihar,218,Purnea,Purnea,326.0,2077,Bhawanipur Rajdham,True
3,Bihar,218,Purnea,Purnea,326.0,2078,Dagarua,True
3,Bihar,218,Purnea,Purnea,326.0,2079,Dhamdaha,True
3,Bihar,218,Purnea,Purnea,326.0,2080,Jalalgarh,True
3,Bihar,218,Purnea,Purnea,326.0,2081,Kasba,True
3,Bihar,218,Purnea,Purnea,326.0,2082,Krityanand Nagar,True
3,Bihar,218,Purnea,Purnea,326.0,2083,Purnia East,True
3,Bihar,218,Purnea,Purnea,326.0,2084,Rupauli,True
3,Bihar,218,Purnea,Purnea,326.0,2085,Srinagar,True
3,Bihar,219,Saran,Gopalganj,309.0,2086,Baikunthpur,True
3,Bihar,219,Saran,Gopalganj,309.0,2087,Barauli,True
3,Bihar,219,Saran,Gopalganj,309.0,2088,Bhorey,True
3,Bihar,219,Saran,Gopalganj,309.0,2089,Bijaipur,True
3,Bihar,219,Saran,Gopalganj,309.0,2090,Gopalganj,True
3,Bihar,219,Saran,Gopalganj,309.0,2091,Hathua,True
3,Bihar,219,Saran,Gopalganj,309.0,2092,Katiya,True
3,Bihar,219,Saran,Gopalganj,309.0,2093,Kuchaikote,True
3,Bihar,219,Saran,Gopalganj,309.0,2094,Manjha,True
3,Bihar,219,Saran,Gopalganj,309.0,2095,Pach Deuri,True
3,Bihar,219,Saran,Gopalganj,309.0,2096,Phulwaria,True
3,Bihar,219,Saran,Gopalganj,309.0,2097,Sidhwalia,True
3,Bihar,219,Saran,Gopalganj,309.0,2098,Thawe,True
3,Bihar,219,Saran,Gopalganj,309.0,2099,Uchkagaon,True
3,Bihar,219,Saran,Saran,307.0,2100,Dumri Katsari,True
3,Bihar,219,Saran,Siwan,308.0,2105,Andar,True
3,Bihar,220,Tirhut,East Champaran,310.0,2124,Adapur,True
3,Bihar,220,Tirhut,East Champaran,310.0,2125,Areraj,True
3,Bihar,220,Tirhut,East Champaran,310.0,2126,Banjaria,True
3,Bihar,220,Tirhut,East Champaran,310.0,2127,Bankatwa,True
3,Bihar,220,Tirhut,East Champaran,310.0,2128,Chakia,True
3,Bihar,220,Tirhut,East Champaran,310.0,2129,Chiraia,True
3,Bihar,220,Tirhut,East Champaran,310.0,2130,Dhaka,True
3,Bihar,220,Tirhut,East Champaran,310.0,2131,Ghorasahan,True
3,Bihar,220,Tirhut,East Champaran,310.0,2132,Harsidhi,True
3,Bihar,220,Tirhut,East Champaran,310.0,2133,Kalyanpur,True
3,Bihar,220,Tirhut,East Champaran,310.0,2134,Kesaria,True
3,Bihar,220,Tirhut,East Champaran,310.0,2135,Kotwa,True
3,Bihar,220,Tirhut,East Champaran,310.0,2136,Madhuban,True
3,Bihar,220,Tirhut,East Champaran,310.0,2137,Mehsi,True
3,Bihar,220,Tirhut,East Champaran,310.0,2138,Motihari,True
3,Bihar,220,Tirhut,East Champaran,310.0,2139,Narkatia,True
3,Bihar,220,Tirhut,East Champaran,310.0,2140,Paharpur,True
3,Bihar,220,Tirhut,East Champaran,310.0,2141,Pakri Dayal,True
3,Bihar,220,Tirhut,East Champaran,310.0,2142,Patahi,True
3,Bihar,220,Tirhut,East Champaran,310.0,2143,Phenhara,True
3,Bihar,220,Tirhut,East Champaran,310.0,2144,Piprakothi,True
3,Bihar,220,Tirhut,East Champaran,310.0,2145,Ramgarhwa,True
3,Bihar,220,Tirhut,East Champaran,310.0,2146,Raxaul,True
3,Bihar,220,Tirhut,East Champaran,310.0,2147,Sangrampur,True
3,Bihar,220,Tirhut,East Champaran,310.0,2148,Sugauli,True
3,Bihar,220,Tirhut,East Champaran,310.0,2149,Tetaria,True
3,Bihar,220,Tirhut,East Champaran,310.0,2150,Turkaulia,True
3,Bihar,220,Tirhut,Muzzaffarpur,336.0,2151,Aurai,True
3,Bihar,220,Tirhut,Sheohar,337.0,2167,Dumri Katsari,True
3,Bihar,220,Tirhut,Sitamarhi,314.0,2172,Bairgania,True
3,Bihar,220,Tirhut,Vaishali,313.0,2189,Bhagwanpur,True
3,Bihar,220,Tirhut,West Champaran,311.0,2205,Bagaha,True
23,Chhattisgarh,221,Bastar,Bastar,2307.0,2223,Bastar,True
23,Chhattisgarh,221,Bastar,Bastar,2307.0,2224,Jagdalpur,True
23,Chhattisgarh,221,Bastar,Bastar,2307.0,2225,Keshkal,True
23,Chhattisgarh,221,Bastar,Bastar,2307.0,2226,Kondagaon,True
23,Chhattisgarh,221,Bastar,Bastar,2307.0,2227,Narayanpur,True
23,Chhattisgarh,221,Bastar,Uttar Bastar Kanker,2308.0,2228,Antagarh,True
23,Chhattisgarh,221,Bastar,Uttar Bastar Kanker,2308.0,2229,Bhanupratappur,True
23,Chhattisgarh,221,Bastar,Uttar Bastar Kanker,2308.0,2230,Charama,True
23,Chhattisgarh,221,Bastar,Uttar Bastar Kanker,2308.0,2231,Kanker,True
23,Chhattisgarh,221,Bastar,Uttar Bastar Kanker,2308.0,2232,Narharpur,True
23,Chhattisgarh,221,Bastar,Uttar Bastar Kanker,2308.0,2233,Pakhanjur,True
23,Chhattisgarh,222,Bilaspur,Bilaspur,2310.0,2234,Bilaspur,True
23,Chhattisgarh,222,Bilaspur,Bilaspur,2310.0,2235,Bilha,True
23,Chhattisgarh,222,Bilaspur,Bilaspur,2310.0,2236,Kota,True
23,Chhattisgarh,222,Bilaspur,Bilaspur,2310.0,2237,Lormi,True
23,Chhattisgarh,222,Bilaspur,Bilaspur,2310.0,2238,Masturi,True
23,Chhattisgarh,222,Bilaspur,Bilaspur,2310.0,2239,Mungeli,True
23,Chhattisgarh,222,Bilaspur,Bilaspur,2310.0,2240,Pendraroad,True
23,Chhattisgarh,222,Bilaspur,Bilaspur,2310.0,2241,Takhatpur,True
23,Chhattisgarh,222,Bilaspur,Janjgir-Champa,2311.0,2242,Champa,True
23,Chhattisgarh,222,Bilaspur,Janjgir-Champa,2311.0,2243,Dabhara,True
23,Chhattisgarh,222,Bilaspur,Janjgir-Champa,2311.0,2244,Jaijaipur,True
23,Chhattisgarh,222,Bilaspur,Janjgir-Champa,2311.0,2245,Janjgir,True
23,Chhattisgarh,222,Bilaspur,Janjgir-Champa,2311.0,2246,Malkharoda,True
23,Chhattisgarh,222,Bilaspur,Janjgir-Champa,2311.0,2247,Nawagarh,True
23,Chhattisgarh,222,Bilaspur,Janjgir-Champa,2311.0,2248,Pamgarh,True
23,Chhattisgarh,222,Bilaspur,Janjgir-Champa,2311.0,2249,Sakti,True
23,Chhattisgarh,222,Bilaspur,Korba,2312.0,2250,Kartala,True
23,Chhattisgarh,222,Bilaspur,Korba,2312.0,2251,Katghora,True
23,Chhattisgarh,222,Bilaspur,Korba,2312.0,2252,Korba,True
23,Chhattisgarh,222,Bilaspur,Korba,2312.0,2253,Pali,True
23,Chhattisgarh,222,Bilaspur,Raigarh,2315.0,2254,Gharghoda,True
23,Chhattisgarh,222,Bilaspur,Raigarh,2315.0,2255,Kharsia,True
23,Chhattisgarh,222,Bilaspur,Raigarh,2315.0,2256,Lailunga,True
23,Chhattisgarh,222,Bilaspur,Raigarh,2315.0,2257,Raigarh,True
23,Chhattisgarh,222,Bilaspur,Raigarh,2315.0,2258,Sarangarh,True
23,Chhattisgarh,222,Bilaspur,Raigarh,2315.0,2259,Udaipur (Dharamjaigarh),True
23,Chhattisgarh,223,Durg,Balod,2319.0,2260,Balod,True
23,Chhattisgarh,223,Durg,Balod,2319.0,2261,Dondi,True
23,Chhattisgarh,223,Durg,Balod,2319.0,2262,Gunderdehi,True
23,Chhattisgarh,223,Durg,Balod,2319.0,2263,Gurur,True
23,Chhattisgarh,223,Durg,Balod,2319.0,2264,Lohara,True
23,Chhattisgarh,223,Durg,Durg,2304.0,2265,Bemetra,True
23,Chhattisgarh,223,Durg,Durg,2304.0,2266,Berla,True
23,Chhattisgarh,223,Durg,Durg,2304.0,2267,Dhamdha,True
23,Chhattisgarh,223,Durg,Durg,2304.0,2268,Dondiluhara,True
23,Chhattisgarh,223,Durg,Durg,2304.0,2269,Durg,True
23,Chhattisgarh,223,Durg,Durg,2304.0,2270,Gunderdehi,True
23,Chhattisgarh,223,Durg,Durg,2304.0,2271,Gurur,True
23,Chhattisgarh,223,Durg,Durg,2304.0,2272,Nawagarh,True
23,Chhattisgarh,223,Durg,Durg,2304.0,2273,Patan,True
23,Chhattisgarh,223,Durg,Durg,2304.0,2274,Saja,True
23,Chhattisgarh,223,Durg,Durg,2304.0,2275,Sanjari Balod,True
23,Chhattisgarh,223,Durg,Rajnandgaon,2305.0,2276,Ambagarh,True
23,Chhattisgarh,223,Durg,Rajnandgaon,2305.0,2277,Chhuikhadan,True
23,Chhattisgarh,223,Durg,Rajnandgaon,2305.0,2278,Dongargaon,True
23,Chhattisgarh,223,Durg,Rajnandgaon,2305.0,2279,Dongargarh,True
23,Chhattisgarh,223,Durg,Rajnandgaon,2305.0,2280,Khairagarh,True
23,Chhattisgarh,223,Durg,Rajnandgaon,2305.0,2281,Manpur,True
23,Chhattisgarh,223,Durg,Rajnandgaon,2305.0,2282,Mohla,True
23,Chhattisgarh,223,Durg,Rajnandgaon,2305.0,2283,Rajnandgaon,True
23,Chhattisgarh,224,Raipur,Dhamtari,2303.0,2284,Dhamtari,True
23,Chhattisgarh,224,Raipur,Dhamtari,2303.0,2285,Kurud,True
23,Chhattisgarh,224,Raipur,Dhamtari,2303.0,2286,Magarlod,True
23,Chhattisgarh,224,Raipur,Dhamtari,2303.0,2287,Nagri,True
23,Chhattisgarh,224,Raipur,Garaiband,2323.0,2288,Rajim,True
23,Chhattisgarh,224,Raipur,Mahasamund,2302.0,2289,Basna,True
23,Chhattisgarh,224,Raipur,Mahasamund,2302.0,2290,Mahasamund,True
23,Chhattisgarh,224,Raipur,Mahasamund,2302.0,2291,Saraipali,True
23,Chhattisgarh,224,Raipur,Raipur,2301.0,2292,Abhanpur,True
23,Chhattisgarh,224,Raipur,Raipur,2301.0,2293,Arang,True
23,Chhattisgarh,224,Raipur,Raipur,2301.0,2294,Baloda Bazar,True
23,Chhattisgarh,224,Raipur,Raipur,2301.0,2295,Bhatapara,True
23,Chhattisgarh,224,Raipur,Raipur,2301.0,2296,Bilaigarh,True
23,Chhattisgarh,224,Raipur,Raipur,2301.0,2297,Bindranawagarh,True
23,Chhattisgarh,224,Raipur,Raipur,2301.0,2298,Deobhog,True
23,Chhattisgarh,224,Raipur,Raipur,2301.0,2299,Kasdol,True
23,Chhattisgarh,224,Raipur,Raipur,2301.0,2300,Palari,True
23,Chhattisgarh,224,Raipur,Raipur,2301.0,2301,Raipur,True
23,Chhattisgarh,224,Raipur,Raipur,2301.0,2302,Rajim,True
23,Chhattisgarh,224,Raipur,Raipur,2301.0,2303,Simga,True
23,Chhattisgarh,224,Raipur,Raipur,2301.0,2304,Tilda,True
23,Chhattisgarh,225,Surguja,Balrampur,2326.0,2305,ramanujganj,True
23,Chhattisgarh,225,Surguja,Balrampur,2326.0,2306,samri,True
23,Chhattisgarh,225,Surguja,Balrampur,2326.0,2307,shankargarh,True
23,Chhattisgarh,225,Surguja,Dantewada,2309.0,2308,Bhopalpattanam (Matdand),True
23,Chhattisgarh,225,Surguja,Dantewada,2309.0,2309,Bijapur,True
23,Chhattisgarh,225,Surguja,Dantewada,2309.0,2310,Dantewada,True
23,Chhattisgarh,225,Surguja,Dantewada,2309.0,2311,Konta,True
23,Chhattisgarh,225,Surguja,Jashpur,2316.0,2312,Bagicha,True
23,Chhattisgarh,225,Surguja,Jashpur,2316.0,2313,Jashpur,True
23,Chhattisgarh,225,Surguja,Jashpur,2316.0,2314,Kunkuri,True
23,Chhattisgarh,225,Surguja,Jashpur,2316.0,2315,Pathalgaon,True
23,Chhattisgarh,225,Surguja,Koriya,2314.0,2320,Baikunthpur,True
23,Chhattisgarh,225,Surguja,Koriya,2314.0,2321,Bharatpur,True
23,Chhattisgarh,225,Surguja,Koriya,2314.0,2322,Manendragarh,True
23,Chhattisgarh,225,Surguja,Koriya,2314.0,2323,Sonhat,True
23,Chhattisgarh,225,Surguja,Surguja,2313.0,2324,Ambikapur,True
23,Chhattisgarh,225,Surguja,Surguja,2313.0,2325,Lundra,True
23,Chhattisgarh,225,Surguja,Surguja,2313.0,2326,Pal,True
23,Chhattisgarh,225,Surguja,Surguja,2313.0,2327,Pratappur,True
23,Chhattisgarh,225,Surguja,Surguja,2313.0,2328,Rajpur,True
23,Chhattisgarh,225,Surguja,Surguja,2313.0,2329,Samari,True
23,Chhattisgarh,225,Surguja,Surguja,2313.0,2330,Sitapur,True
23,Chhattisgarh,225,Surguja,Surguja,2313.0,2331,Surajpur,True
23,Chhattisgarh,225,Surguja,Surguja,2313.0,2332,Wadrafnagar,True
40,Goa,226,North Goa,North Goa,4099.0,2333,Bardez,True
40,Goa,226,North Goa,North Goa,4099.0,2334,Bicholim,True
40,Goa,226,North Goa,North Goa,4099.0,2335,Pernem,True
40,Goa,226,North Goa,North Goa,4099.0,2336,Ponda,True
40,Goa,226,North Goa,North Goa,4099.0,2337,Satari,True
40,Goa,226,North Goa,North Goa,4099.0,2338,Tiswadi,True
40,Goa,227,South Goa,South Goa,4000.0,2339,Canacona,True
40,Goa,227,South Goa,South Goa,4000.0,2340,Mormugao,True
40,Goa,227,South Goa,South Goa,4000.0,2341,Quepem,True
40,Goa,227,South Goa,South Goa,4000.0,2342,Salcete,True
40,Goa,227,South Goa,South Goa,4000.0,2343,Sanguem,True
4,Gujarat,228,Central Gujarat,Ahmedabad,401.0,2344,Ahmadabad City,True
4,Gujarat,228,Central Gujarat,Ahmedabad,401.0,2345,Barwala,True
4,Gujarat,228,Central Gujarat,Ahmedabad,401.0,2346,Bavla,True
4,Gujarat,228,Central Gujarat,Ahmedabad,401.0,2347,Daskroi,True
4,Gujarat,228,Central Gujarat,Ahmedabad,401.0,2348,Detroj-Rampura,True
4,Gujarat,228,Central Gujarat,Ahmedabad,401.0,2349,Dhandhuka,True
4,Gujarat,228,Central Gujarat,Ahmedabad,401.0,2350,Dholka,True
4,Gujarat,228,Central Gujarat,Ahmedabad,401.0,2351,Mandal,True
4,Gujarat,228,Central Gujarat,Ahmedabad,401.0,2352,Ranpur,True
4,Gujarat,228,Central Gujarat,Ahmedabad,401.0,2353,Sanand,True
4,Gujarat,228,Central Gujarat,Ahmedabad,401.0,2354,Viramgam,True
4,Gujarat,228,Central Gujarat,Anand,425.0,2355,Anand,True
4,Gujarat,228,Central Gujarat,Anand,425.0,2356,Anklav,True
4,Gujarat,228,Central Gujarat,Anand,425.0,2357,Borsad,True
4,Gujarat,228,Central Gujarat,Anand,425.0,2358,Khambhat,True
4,Gujarat,228,Central Gujarat,Anand,425.0,2359,Petlad,True
4,Gujarat,228,Central Gujarat,Anand,425.0,2360,Sojitra,True
4,Gujarat,228,Central Gujarat,Anand,425.0,2361,Tarapur,True
4,Gujarat,228,Central Gujarat,Anand,425.0,2362,Umreth,True
4,Gujarat,228,Central Gujarat,Chhota Udaipur,429.0,2363,Chhota Udaipur,True
4,Gujarat,228,Central Gujarat,Chhota Udaipur,429.0,2364,Jetpur Pavi,True
4,Gujarat,228,Central Gujarat,Chhota Udaipur,429.0,2365,Kavant,True
4,Gujarat,228,Central Gujarat,Chhota Udaipur,429.0,2366,Nasvadi,True
4,Gujarat,228,Central Gujarat,Chhota Udaipur,429.0,2367,Sankheda,True
4,Gujarat,228,Central Gujarat,Dahod,424.0,2368,Devgadbaria,True
4,Gujarat,228,Central Gujarat,Dahod,424.0,2369,Dhanpur,True
4,Gujarat,228,Central Gujarat,Dahod,424.0,2370,Dohad,True
4,Gujarat,228,Central Gujarat,Dahod,424.0,2371,Fatepura,True
4,Gujarat,228,Central Gujarat,Dahod,424.0,2372,Garbada,True
4,Gujarat,228,Central Gujarat,Dahod,424.0,2373,Jhalod,True
4,Gujarat,228,Central Gujarat,Dahod,424.0,2374,Limkheda,True
4,Gujarat,228,Central Gujarat,Kheda,408.0,2375,Balasinor,True
4,Gujarat,228,Central Gujarat,Kheda,408.0,2376,Kapadvanj,True
4,Gujarat,228,Central Gujarat,Kheda,408.0,2377,Kathlal,True
4,Gujarat,228,Central Gujarat,Kheda,408.0,2378,Kheda,True
4,Gujarat,228,Central Gujarat,Kheda,408.0,2379,Mahudha,True
4,Gujarat,228,Central Gujarat,Kheda,408.0,2380,Matar,True
4,Gujarat,228,Central Gujarat,Kheda,408.0,2381,Mehmedabad,True
4,Gujarat,228,Central Gujarat,Kheda,408.0,2382,Nadiad,True
4,Gujarat,228,Central Gujarat,Kheda,408.0,2383,Thasra,True
4,Gujarat,228,Central Gujarat,Kheda,408.0,2384,Virpur,True
4,Gujarat,228,Central Gujarat,Mahisagar,431.0,2385,Balasinor,True
4,Gujarat,228,Central Gujarat,Mahisagar,431.0,2386,Kadana,True
4,Gujarat,228,Central Gujarat,Mahisagar,431.0,2387,Khanpur,True
4,Gujarat,228,Central Gujarat,Mahisagar,431.0,2388,Lunawada,True
4,Gujarat,228,Central Gujarat,Mahisagar,431.0,2389,Santrampur,True
4,Gujarat,228,Central Gujarat,Mahisagar,431.0,2390,Virpur,True
4,Gujarat,228,Central Gujarat,Panch Mahal,410.0,2391,Ghoghamba,True
4,Gujarat,228,Central Gujarat,Panch Mahal,410.0,2392,Godhra,True
4,Gujarat,228,Central Gujarat,Panch Mahal,410.0,2393,Halol,True
4,Gujarat,228,Central Gujarat,Panch Mahal,410.0,2394,Jambughoda,True
4,Gujarat,228,Central Gujarat,Panch Mahal,410.0,2395,Kadana,True
4,Gujarat,228,Central Gujarat,Panch Mahal,410.0,2396,Kalol,True
4,Gujarat,228,Central Gujarat,Panch Mahal,410.0,2397,Khanpur,True
4,Gujarat,228,Central Gujarat,Panch Mahal,410.0,2398,Lunawada,True
4,Gujarat,228,Central Gujarat,Panch Mahal,410.0,2399,Morwa (Hadaf),True
4,Gujarat,228,Central Gujarat,Panch Mahal,410.0,2400,Santrampur,True
4,Gujarat,228,Central Gujarat,Panch Mahal,410.0,2401,Shehera,True
4,Gujarat,228,Central Gujarat,Vadodara,403.0,2402,Chhota Udaipur,True
4,Gujarat,228,Central Gujarat,Vadodara,403.0,2403,Dabhoi,True
4,Gujarat,228,Central Gujarat,Vadodara,403.0,2404,Jetpur Pavi,True
4,Gujarat,228,Central Gujarat,Vadodara,403.0,2405,Karjan,True
4,Gujarat,228,Central Gujarat,Vadodara,403.0,2406,Kavant,True
4,Gujarat,228,Central Gujarat,Vadodara,403.0,2407,Nasvadi,True
4,Gujarat,228,Central Gujarat,Vadodara,403.0,2408,Padra,True
4,Gujarat,228,Central Gujarat,Vadodara,403.0,2409,Sankheda,True
4,Gujarat,228,Central Gujarat,Vadodara,403.0,2410,Savli,True
4,Gujarat,228,Central Gujarat,Vadodara,403.0,2411,Sinor,True
4,Gujarat,228,Central Gujarat,Vadodara,403.0,2412,Vadodara,True
4,Gujarat,228,Central Gujarat,Vadodara,403.0,2413,Vaghodia,True
4,Gujarat,229,Kutch,Kachchh,417.0,2414,Abdasa,True
4,Gujarat,229,Kutch,Kachchh,417.0,2415,Anjar,True
4,Gujarat,229,Kutch,Kachchh,417.0,2416,Bhachau,True
4,Gujarat,229,Kutch,Kachchh,417.0,2417,Bhuj,True
4,Gujarat,229,Kutch,Kachchh,417.0,2418,Gandhidham,True
4,Gujarat,229,Kutch,Kachchh,417.0,2419,Lakhpat,True
4,Gujarat,229,Kutch,Kachchh,417.0,2420,Mandvi,True
4,Gujarat,229,Kutch,Kachchh,417.0,2421,Mundra,True
4,Gujarat,229,Kutch,Kachchh,417.0,2422,Nakhatrana,True
4,Gujarat,229,Kutch,Kachchh,417.0,2423,Rapar,True
4,Gujarat,230,North Gujarat,Banas Kantha,402.0,2424,Amirgadh,True
4,Gujarat,230,North Gujarat,Banas Kantha,402.0,2425,Bhabhar,True
4,Gujarat,230,North Gujarat,Banas Kantha,402.0,2426,Danta,True
4,Gujarat,230,North Gujarat,Banas Kantha,402.0,2427,Dantiwada,True
4,Gujarat,230,North Gujarat,Banas Kantha,402.0,2428,Deesa,True
4,Gujarat,230,North Gujarat,Banas Kantha,402.0,2429,Deodar,True
4,Gujarat,230,North Gujarat,Banas Kantha,402.0,2430,Dhanera,True
4,Gujarat,230,North Gujarat,Banas Kantha,402.0,2431,Kankrej,True
4,Gujarat,230,North Gujarat,Banas Kantha,402.0,2432,Palanpur,True
4,Gujarat,230,North Gujarat,Banas Kantha,402.0,2433,Tharad,True
4,Gujarat,230,North Gujarat,Banas Kantha,402.0,2434,Vadgam,True
4,Gujarat,230,North Gujarat,Banas Kantha,402.0,2435,Vav,True
4,Gujarat,230,North Gujarat,Gandhinagar,407.0,2436,Dehgam,True
4,Gujarat,230,North Gujarat,Gandhinagar,407.0,2437,Gandhinagar,True
4,Gujarat,230,North Gujarat,Gandhinagar,407.0,2438,Kalol,True
4,Gujarat,230,North Gujarat,Gandhinagar,407.0,2439,Mansa,True
4,Gujarat,230,North Gujarat,Mahesana,409.0,2440,Becharaji,True
4,Gujarat,230,North Gujarat,Mahesana,409.0,2441,Kadi,True
4,Gujarat,230,North Gujarat,Mahesana,409.0,2442,Kheralu,True
4,Gujarat,230,North Gujarat,Mahesana,409.0,2443,Mahesana,True
4,Gujarat,230,North Gujarat,Mahesana,409.0,2444,Satlasana,True
4,Gujarat,230,North Gujarat,Mahesana,409.0,2445,Unjha,True
4,Gujarat,230,North Gujarat,Mahesana,409.0,2446,Vadnagar,True
4,Gujarat,230,North Gujarat,Mahesana,409.0,2447,Vijapur,True
4,Gujarat,230,North Gujarat,Mahesana,409.0,2448,Visnagar,True
4,Gujarat,230,North Gujarat,Patan,427.0,2449,Chanasma,True
4,Gujarat,230,North Gujarat,Patan,427.0,2450,Harij,True
4,Gujarat,230,North Gujarat,Patan,427.0,2451,Patan,True
4,Gujarat,230,North Gujarat,Patan,427.0,2452,Radhanpur,True
4,Gujarat,230,North Gujarat,Patan,427.0,2453,Sami,True
4,Gujarat,230,North Gujarat,Patan,427.0,2454,Santalpur,True
4,Gujarat,230,North Gujarat,Patan,427.0,2455,Sidhpur,True
4,Gujarat,230,North Gujarat,Patan,427.0,2456,Vagdod,True
4,Gujarat,230,North Gujarat,Sabar Kantha,411.0,2457,Bayad,True
4,Gujarat,230,North Gujarat,Sabar Kantha,411.0,2458,Bhiloda,True
4,Gujarat,230,North Gujarat,Sabar Kantha,411.0,2459,Dhansura,True
4,Gujarat,230,North Gujarat,Sabar Kantha,411.0,2460,Himatnagar,True
4,Gujarat,230,North Gujarat,Sabar Kantha,411.0,2461,Himatnagar,True
4,Gujarat,230,North Gujarat,Sabar Kantha,411.0,2462,Idar,True
4,Gujarat,230,North Gujarat,Sabar Kantha,411.0,2463,Khedbrahma,True
4,Gujarat,230,North Gujarat,Sabar Kantha,411.0,2464,Malpur,True
4,Gujarat,230,North Gujarat,Sabar Kantha,411.0,2465,Meghraj,True
4,Gujarat,230,North Gujarat,Sabar Kantha,411.0,2466,Modasa,True
4,Gujarat,230,North Gujarat,Sabar Kantha,411.0,2467,Prantij,True
4,Gujarat,230,North Gujarat,Sabar Kantha,411.0,2468,Talod,True
4,Gujarat,230,North Gujarat,Sabar Kantha,411.0,2469,Vadali,True
4,Gujarat,230,North Gujarat,Sabar Kantha,411.0,2470,Vijaynagar,True
4,Gujarat,231,Saurashtra,Amreli,413.0,2471,Amreli,True
4,Gujarat,231,Saurashtra,Amreli,413.0,2472,Babra,True
4,Gujarat,231,Saurashtra,Amreli,413.0,2473,Bagasara,True
4,Gujarat,231,Saurashtra,Amreli,413.0,2474,Dhari,True
4,Gujarat,231,Saurashtra,Amreli,413.0,2475,Jafrabad,True
4,Gujarat,231,Saurashtra,Amreli,413.0,2476,Khambha,True
4,Gujarat,231,Saurashtra,Amreli,413.0,2477,Kunkavav Vadia,True
4,Gujarat,231,Saurashtra,Amreli,413.0,2478,Lathi,True
4,Gujarat,231,Saurashtra,Amreli,413.0,2479,Lilia,True
4,Gujarat,231,Saurashtra,Amreli,413.0,2480,Rajula,True
4,Gujarat,231,Saurashtra,Amreli,413.0,2481,Savar Kundla,True
4,Gujarat,231,Saurashtra,Bhavnagar,414.0,2482,Bhavnagar,True
4,Gujarat,231,Saurashtra,Bhavnagar,414.0,2483,Botad,True
4,Gujarat,231,Saurashtra,Bhavnagar,414.0,2484,Gadhada,True
4,Gujarat,231,Saurashtra,Bhavnagar,414.0,2485,Gariadhar,True
4,Gujarat,231,Saurashtra,Bhavnagar,414.0,2486,Ghogha,True
4,Gujarat,231,Saurashtra,Bhavnagar,414.0,2487,Mahuva,True
4,Gujarat,231,Saurashtra,Bhavnagar,414.0,2488,Palitana,True
4,Gujarat,231,Saurashtra,Bhavnagar,414.0,2489,Sihor,True
4,Gujarat,231,Saurashtra,Bhavnagar,414.0,2490,Talaja,True
4,Gujarat,231,Saurashtra,Bhavnagar,414.0,2491,Umrala,True
4,Gujarat,231,Saurashtra,Bhavnagar,414.0,2492,Vallabhipur,True
4,Gujarat,231,Saurashtra,Botad,423.0,2493,Barwala,True
4,Gujarat,231,Saurashtra,Botad,423.0,2494,Botad,True
4,Gujarat,231,Saurashtra,Botad,423.0,2495,Gadhada,True
4,Gujarat,231,Saurashtra,Botad,423.0,2496,Ranpur,True
4,Gujarat,231,Saurashtra,Devbhoomi Dwarka,430.0,2497,Bhanvad,True
4,Gujarat,231,Saurashtra,Devbhoomi Dwarka,430.0,2498,Kalyanpur,True
4,Gujarat,231,Saurashtra,Devbhoomi Dwarka,430.0,2499,Khambhalia,True
4,Gujarat,231,Saurashtra,Devbhoomi Dwarka,430.0,2500,Okhamandal,True
4,Gujarat,231,Saurashtra,Gir Somnath,433.0,2501,Kodinar,True
4,Gujarat,231,Saurashtra,Gir Somnath,433.0,2502,Patan-Veraval,True
4,Gujarat,231,Saurashtra,Gir Somnath,433.0,2503,Sutrapada,True
4,Gujarat,231,Saurashtra,Gir Somnath,433.0,2504,Talala,True
4,Gujarat,231,Saurashtra,Gir Somnath,433.0,2505,Una,True
4,Gujarat,231,Saurashtra,Jamnagar,415.0,2506,Bhanvad,True
4,Gujarat,231,Saurashtra,Jamnagar,415.0,2507,Dhrol,True
4,Gujarat,231,Saurashtra,Jamnagar,415.0,2508,Jamjodhpur,True
4,Gujarat,231,Saurashtra,Jamnagar,415.0,2509,Jamnagar,True
4,Gujarat,231,Saurashtra,Jamnagar,415.0,2510,Jodiya,True
4,Gujarat,231,Saurashtra,Jamnagar,415.0,2511,Kalavad,True
4,Gujarat,231,Saurashtra,Jamnagar,415.0,2512,Kalyanpur,True
4,Gujarat,231,Saurashtra,Jamnagar,415.0,2513,Khambhalia,True
4,Gujarat,231,Saurashtra,Jamnagar,415.0,2514,Lalpur,True
4,Gujarat,231,Saurashtra,Jamnagar,415.0,2515,Okhamandal,True
4,Gujarat,231,Saurashtra,Junagadh,416.0,2516,Bhesan,True
4,Gujarat,231,Saurashtra,Junagadh,416.0,2517,Junagadh,True
4,Gujarat,231,Saurashtra,Junagadh,416.0,2518,Keshod,True
4,Gujarat,231,Saurashtra,Junagadh,416.0,2519,Kodinar,True
4,Gujarat,231,Saurashtra,Junagadh,416.0,2520,Malia,True
4,Gujarat,231,Saurashtra,Junagadh,416.0,2521,Manavadar,True
4,Gujarat,231,Saurashtra,Junagadh,416.0,2522,Mangrol,True
4,Gujarat,231,Saurashtra,Junagadh,416.0,2523,Mendarda,True
4,Gujarat,231,Saurashtra,Junagadh,416.0,2524,Patan-Veraval,True
4,Gujarat,231,Saurashtra,Junagadh,416.0,2525,Sutrapada,True
4,Gujarat,231,Saurashtra,Junagadh,416.0,2526,Talala,True
4,Gujarat,231,Saurashtra,Junagadh,416.0,2527,Una,True
4,Gujarat,231,Saurashtra,Junagadh,416.0,2528,Vanthali,True
4,Gujarat,231,Saurashtra,Junagadh,416.0,2529,Visavadar,True
4,Gujarat,231,Saurashtra,Morbi,432.0,2530,Halvad,True
4,Gujarat,231,Saurashtra,Morbi,432.0,2531,Maliya,True
4,Gujarat,231,Saurashtra,Morbi,432.0,2532,Morbi,True
4,Gujarat,231,Saurashtra,Morbi,432.0,2533,Tankara,True
4,Gujarat,231,Saurashtra,Morbi,432.0,2534,Wankaner,True
4,Gujarat,231,Saurashtra,Porbandar,426.0,2535,Kutiyana,True
4,Gujarat,231,Saurashtra,Porbandar,426.0,2536,Porbandar,True
4,Gujarat,231,Saurashtra,Porbandar,426.0,2537,Ranavav,True
4,Gujarat,231,Saurashtra,Rajkot,418.0,2538,Dhoraji,True
4,Gujarat,231,Saurashtra,Rajkot,418.0,2539,Gondal,True
4,Gujarat,231,Saurashtra,Rajkot,418.0,2540,Jamkandorna,True
4,Gujarat,231,Saurashtra,Rajkot,418.0,2541,Jasdan,True
4,Gujarat,231,Saurashtra,Rajkot,418.0,2542,Jetpur,True
4,Gujarat,231,Saurashtra,Rajkot,418.0,2543,Kotda Sangani,True
4,Gujarat,231,Saurashtra,Rajkot,418.0,2544,Lodhika,True
4,Gujarat,231,Saurashtra,Rajkot,418.0,2545,Maliya,True
4,Gujarat,231,Saurashtra,Rajkot,418.0,2546,Morvi,True
4,Gujarat,231,Saurashtra,Rajkot,418.0,2547,Paddhari,True
4,Gujarat,231,Saurashtra,Rajkot,418.0,2548,Rajkot,True
4,Gujarat,231,Saurashtra,Rajkot,418.0,2549,Tankara,True
4,Gujarat,231,Saurashtra,Rajkot,418.0,2550,Upleta,True
4,Gujarat,231,Saurashtra,Rajkot,418.0,2551,Wankaner,True
4,Gujarat,231,Saurashtra,Surendranagar,419.0,2552,Chotila,True
4,Gujarat,231,Saurashtra,Surendranagar,419.0,2553,Chuda,True
4,Gujarat,231,Saurashtra,Surendranagar,419.0,2554,Dasada,True
4,Gujarat,231,Saurashtra,Surendranagar,419.0,2555,Dhrangadhra,True
4,Gujarat,231,Saurashtra,Surendranagar,419.0,2556,Halvad,True
4,Gujarat,231,Saurashtra,Surendranagar,419.0,2557,Lakhtar,True
4,Gujarat,231,Saurashtra,Surendranagar,419.0,2558,Limbdi,True
4,Gujarat,231,Saurashtra,Surendranagar,419.0,2559,Muli,True
4,Gujarat,231,Saurashtra,Surendranagar,419.0,2560,Sayla,True
4,Gujarat,231,Saurashtra,Surendranagar,419.0,2561,Wadhwan,True
4,Gujarat,232,South Gujarat,Bharuch,404.0,2562,Amod,True
4,Gujarat,232,South Gujarat,Bharuch,404.0,2563,Anklesvar,True
4,Gujarat,232,South Gujarat,Bharuch,404.0,2564,Bharuch,True
4,Gujarat,232,South Gujarat,Bharuch,404.0,2565,Hansot,True
4,Gujarat,232,South Gujarat,Bharuch,404.0,2566,Jambusar,True
4,Gujarat,232,South Gujarat,Bharuch,404.0,2567,Jhagadia,True
4,Gujarat,232,South Gujarat,Bharuch,404.0,2568,Vagra,True
4,Gujarat,232,South Gujarat,Bharuch,404.0,2569,Valia,True
4,Gujarat,232,South Gujarat,Dangs,406.0,2570,The Dangs,True
4,Gujarat,232,South Gujarat,Narmada,428.0,2571,Dediapada,True
4,Gujarat,232,South Gujarat,Narmada,428.0,2572,Nandod,True
4,Gujarat,232,South Gujarat,Narmada,428.0,2573,Sagbara,True
4,Gujarat,232,South Gujarat,Narmada,428.0,2574,Tilakwada,True
4,Gujarat,232,South Gujarat,Navsari,422.0,2575,Bansda,True
4,Gujarat,232,South Gujarat,Navsari,422.0,2576,Chikhli,True
4,Gujarat,232,South Gujarat,Navsari,422.0,2577,Gandevi,True
4,Gujarat,232,South Gujarat,Navsari,422.0,2578,Jalalpore,True
4,Gujarat,232,South Gujarat,Navsari,422.0,2579,Navsari,True
4,Gujarat,232,South Gujarat,Surat,412.0,2580,Bardoli,True
4,Gujarat,232,South Gujarat,Surat,412.0,2581,Chorasi,True
4,Gujarat,232,South Gujarat,Surat,412.0,2582,Kamrej,True
4,Gujarat,232,South Gujarat,Surat,412.0,2583,Mahuva,True
4,Gujarat,232,South Gujarat,Surat,412.0,2584,Mandvi,True
4,Gujarat,232,South Gujarat,Surat,412.0,2585,Mangrol,True
4,Gujarat,232,South Gujarat,Surat,412.0,2586,Nizar,True
4,Gujarat,232,South Gujarat,Surat,412.0,2587,Olpad,True
4,Gujarat,232,South Gujarat,Surat,412.0,2588,Palsana,True
4,Gujarat,232,South Gujarat,Surat,412.0,2589,Songadh,True
4,Gujarat,232,South Gujarat,Surat,412.0,2590,Surat City,True
4,Gujarat,232,South Gujarat,Surat,412.0,2591,Uchchhal,True
4,Gujarat,232,South Gujarat,Surat,412.0,2592,Umarpada,True
4,Gujarat,232,South Gujarat,Surat,412.0,2593,Valod,True
4,Gujarat,232,South Gujarat,Surat,412.0,2594,Vyara,True
4,Gujarat,232,South Gujarat,Valsad,405.0,2595,Dharampur,True
4,Gujarat,232,South Gujarat,Valsad,405.0,2596,Kaprada,True
4,Gujarat,232,South Gujarat,Valsad,405.0,2597,Pardi,True
4,Gujarat,232,South Gujarat,Valsad,405.0,2598,Umbergaon,True
4,Gujarat,232,South Gujarat,Valsad,405.0,2599,Valsad,True
5,Haryana,233,Ambala,Ambala,510.0,2600,Ambala,True
5,Haryana,233,Ambala,Ambala,510.0,2601,Barara,True
5,Haryana,233,Ambala,Ambala,510.0,2602,Naraingarh,True
5,Haryana,233,Ambala,Kurukshetra,509.0,2603,Pehowa,True
5,Haryana,233,Ambala,Kurukshetra,509.0,2604,Shahbad,True
5,Haryana,233,Ambala,Kurukshetra,509.0,2605,Thanesar,True
5,Haryana,233,Ambala,Panchkula,520.0,2606,Kalka,True
5,Haryana,233,Ambala,Panchkula,520.0,2607,Panchkula,True
5,Haryana,233,Ambala,Yamunanagar,517.0,2608,Chhachhrauli,True
5,Haryana,233,Ambala,Yamunanagar,517.0,2609,Jagadhri,True
5,Haryana,234,Faridabad,Faridabad,507.0,2610,Ballabgarh,True
5,Haryana,234,Faridabad,Faridabad,507.0,2611,Faridabad,True
5,Haryana,234,Faridabad,Faridabad,507.0,2612,Hathin,True
5,Haryana,234,Faridabad,Faridabad,507.0,2613,Hodal,True
5,Haryana,234,Faridabad,Faridabad,507.0,2614,Palwal,True
5,Haryana,234,Faridabad,Palwal,523.0,2615,hathin,True
5,Haryana,234,Faridabad,Palwal,523.0,2616,Hodal,True
5,Haryana,234,Faridabad,Palwal,523.0,2617,Palwal,True
5,Haryana,235,Gurgaon,Gurgaon,506.0,2618,Farukhnagar,True
5,Haryana,235,Gurgaon,Gurgaon,506.0,2619,Ferozepur Jhirka,True
5,Haryana,235,Gurgaon,Gurgaon,506.0,2620,Gurgaon,True
5,Haryana,235,Gurgaon,Gurgaon,506.0,2621,Manesar,True
5,Haryana,235,Gurgaon,Gurgaon,506.0,2622,Nuh,True
5,Haryana,235,Gurgaon,Gurgaon,506.0,2623,Pataudi,True
5,Haryana,235,Gurgaon,Gurgaon,506.0,2624,Punahana,True
5,Haryana,235,Gurgaon,Gurgaon,506.0,2625,Sohna,True
5,Haryana,235,Gurgaon,Gurgaon,506.0,2626,Taoru,True
5,Haryana,235,Gurgaon,Mahendragarh,512.0,2627,Mahendragarh,True
5,Haryana,235,Gurgaon,Mahendragarh,512.0,2628,Narnaul,True
5,Haryana,235,Gurgaon,Rewari,518.0,2629,Bawal,True
5,Haryana,235,Gurgaon,Rewari,518.0,2630,Kosli,True
5,Haryana,235,Gurgaon,Rewari,518.0,2631,Rewari,True
5,Haryana,236,Hisar,Fatehabad,519.0,2632,Fatehabad,True
5,Haryana,236,Hisar,Fatehabad,519.0,2633,Ratia,True
5,Haryana,236,Hisar,Fatehabad,519.0,2634,Tohana,True
5,Haryana,236,Hisar,Hisar,501.0,2635,Adampur,True
5,Haryana,236,Hisar,Hisar,501.0,2636,Hansi,True
5,Haryana,236,Hisar,Hisar,501.0,2637,Hisar,True
5,Haryana,236,Hisar,Hisar,501.0,2638,Narnaund,True
5,Haryana,236,Hisar,Jind,511.0,2639,Jind,True
5,Haryana,236,Hisar,Jind,511.0,2640,Julana,True
5,Haryana,236,Hisar,Jind,511.0,2641,Narwana,True
5,Haryana,236,Hisar,Jind,511.0,2642,Safidon,True
5,Haryana,236,Hisar,Sirsa,502.0,2643,Dabwali,True
5,Haryana,236,Hisar,Sirsa,502.0,2644,Ellenabad,True
5,Haryana,236,Hisar,Sirsa,502.0,2645,Rania,True
5,Haryana,236,Hisar,Sirsa,502.0,2646,Sirsa,True
5,Haryana,237,Karnal,Kaithal,514.0,2647,Guhla,True
5,Haryana,237,Karnal,Kaithal,514.0,2648,Kaithal,True
5,Haryana,237,Karnal,Karnal,508.0,2649,Assandh,True
5,Haryana,237,Karnal,Karnal,508.0,2650,Gharaunda,True
5,Haryana,237,Karnal,Karnal,508.0,2651,Indri,True
5,Haryana,237,Karnal,Karnal,508.0,2652,Karnal,True
5,Haryana,237,Karnal,Karnal,508.0,2653,Nilokheri,True
5,Haryana,237,Karnal,Panipat,515.0,2654,Israna,True
5,Haryana,237,Karnal,Panipat,515.0,2655,Panipat,True
5,Haryana,237,Karnal,Panipat,515.0,2656,Samalkha,True
5,Haryana,238,Rohtak,Bhiwani,503.0,2657,Bawani Khera,True
5,Haryana,238,Rohtak,Bhiwani,503.0,2658,Bhiwani,True
5,Haryana,238,Rohtak,Bhiwani,503.0,2659,Dadri,True
5,Haryana,238,Rohtak,Bhiwani,503.0,2660,Loharu,True
5,Haryana,238,Rohtak,Bhiwani,503.0,2661,Siwani,True
5,Haryana,238,Rohtak,Bhiwani,503.0,2662,Tosham,True
5,Haryana,238,Rohtak,Jhajjar,521.0,2663,Bahadurgarh,True
5,Haryana,238,Rohtak,Jhajjar,521.0,2664,Beri,True
5,Haryana,238,Rohtak,Jhajjar,521.0,2665,Jhajjar,True
5,Haryana,238,Rohtak,Rohtak,504.0,2666,Maham,True
5,Haryana,238,Rohtak,Rohtak,504.0,2667,Rohtak,True
5,Haryana,238,Rohtak,Sonipat,505.0,2668,Ganaur,True
5,Haryana,238,Rohtak,Sonipat,505.0,2669,Gohana,True
5,Haryana,238,Rohtak,Sonipat,505.0,2670,Kharkhoda,True
5,Haryana,238,Rohtak,Sonipat,505.0,2671,Sonipat,True
6,Himachal Pradesh,239,Kangra,Chamba,602.0,2672,Bhalai(S.T),True
6,Himachal Pradesh,239,Kangra,Chamba,602.0,2673,Bhattiyat(T),True
6,Himachal Pradesh,239,Kangra,Chamba,602.0,2674,Brahmaur(T),True
6,Himachal Pradesh,239,Kangra,Chamba,602.0,2675,Chamba(T),True
6,Himachal Pradesh,239,Kangra,Chamba,602.0,2676,Chaurah(T),True
6,Himachal Pradesh,239,Kangra,Chamba,602.0,2677,Dalhousie(T),True
6,Himachal Pradesh,239,Kangra,Chamba,602.0,2678,Holi(S.T),True
6,Himachal Pradesh,239,Kangra,Chamba,602.0,2679,Pangi(T),True
6,Himachal Pradesh,239,Kangra,Chamba,602.0,2680,Saluni(T),True
6,Himachal Pradesh,239,Kangra,Chamba,602.0,2681,Sihunta(S.T),True
6,Himachal Pradesh,239,Kangra,Kangra,604.0,2682,Baijnath(T),True
6,Himachal Pradesh,239,Kangra,Kangra,604.0,2683,Baroh(T),True
6,Himachal Pradesh,239,Kangra,Kangra,604.0,2684,Dera Gopipur(T),True
6,Himachal Pradesh,239,Kangra,Kangra,604.0,2685,Dharmsala(T),True
6,Himachal Pradesh,239,Kangra,Kangra,604.0,2686,Dhira(S.T),True
6,Himachal Pradesh,239,Kangra,Kangra,604.0,2687,Fatehpur(T),True
6,Himachal Pradesh,239,Kangra,Kangra,604.0,2688,Harchakian(S.T),True
6,Himachal Pradesh,239,Kangra,Kangra,604.0,2689,Indora(T),True
6,Himachal Pradesh,239,Kangra,Kangra,604.0,2690,Jai Singhpur(T),True
6,Himachal Pradesh,239,Kangra,Kangra,604.0,2691,Jaswan(T),True
6,Himachal Pradesh,239,Kangra,Kangra,604.0,2692,Jawali(T),True
6,Himachal Pradesh,239,Kangra,Kangra,604.0,2693,Kangra(T),True
6,Himachal Pradesh,239,Kangra,Kangra,604.0,2694,Khundian(T),True
6,Himachal Pradesh,239,Kangra,Kangra,604.0,2695,Multhan(S.T),True
6,Himachal Pradesh,239,Kangra,Kangra,604.0,2696,Nurpur(T),True
6,Himachal Pradesh,239,Kangra,Kangra,604.0,2697,Palampur(T),True
6,Himachal Pradesh,239,Kangra,Kangra,604.0,2698,Rakkar(S.T),True
6,Himachal Pradesh,239,Kangra,Kangra,604.0,2699,Shahpur(T),True
6,Himachal Pradesh,239,Kangra,Kangra,604.0,2700,Thural(S.T),True
6,Himachal Pradesh,239,Kangra,Una,611.0,2701,Amb(T),True
6,Himachal Pradesh,239,Kangra,Una,611.0,2702,Bangana(T),True
6,Himachal Pradesh,239,Kangra,Una,611.0,2703,Bharwain(S.T),True
6,Himachal Pradesh,239,Kangra,Una,611.0,2704,Haroli(S.T),True
6,Himachal Pradesh,239,Kangra,Una,611.0,2705,Una(T),True
6,Himachal Pradesh,240,Mandi,Bilaspur,2310.0,2706,Bilaspur Sadar(T),True
6,Himachal Pradesh,240,Mandi,Bilaspur,2310.0,2707,Ghumarwin(T),True
6,Himachal Pradesh,240,Mandi,Bilaspur,2310.0,2708,Jhanduta(T),True
6,Himachal Pradesh,240,Mandi,Bilaspur,2310.0,2709,Naina Devi(S.T),True
6,Himachal Pradesh,240,Mandi,Hamirpur,2026.0,2710,Barsar(T),True
6,Himachal Pradesh,240,Mandi,Hamirpur,2026.0,2711,Bhoranj(T),True
6,Himachal Pradesh,240,Mandi,Hamirpur,2026.0,2712,Dhatwal(ST),True
6,Himachal Pradesh,240,Mandi,Hamirpur,2026.0,2713,Hamirpur(T),True
6,Himachal Pradesh,240,Mandi,Hamirpur,2026.0,2714,Nadaun(T),True
6,Himachal Pradesh,240,Mandi,Hamirpur,2026.0,2715,Tira Sujanpur(T),True
6,Himachal Pradesh,240,Mandi,Kullu,606.0,2716,Ani(S.T),True
6,Himachal Pradesh,240,Mandi,Kullu,606.0,2717,Banjar(T),True
6,Himachal Pradesh,240,Mandi,Kullu,606.0,2718,Kullu(T),True
6,Himachal Pradesh,240,Mandi,Kullu,606.0,2719,Manali(T),True
6,Himachal Pradesh,240,Mandi,Kullu,606.0,2720,Nermand(T),True
6,Himachal Pradesh,240,Mandi,Kullu,606.0,2721,Sainj(S.T),True
6,Himachal Pradesh,240,Mandi,Lahaul And Spiti,612.0,2722,Kaza,True
6,Himachal Pradesh,240,Mandi,Lahaul And Spiti,612.0,2723,Keylong,True
6,Himachal Pradesh,240,Mandi,Lahaul And Spiti,612.0,2724,Lahul (T),True
6,Himachal Pradesh,240,Mandi,Lahaul And Spiti,612.0,2725,Spiti (T),True
6,Himachal Pradesh,240,Mandi,Lahaul And Spiti,612.0,2726,Udaipur,True
6,Himachal Pradesh,240,Mandi,Lahaul And Spiti,612.0,2727,Udaipur (S.T),True
6,Himachal Pradesh,240,Mandi,Mandi,607.0,2728,Aut(S.T),True
6,Himachal Pradesh,240,Mandi,Mandi,607.0,2729,Baldwara(S.T),True
6,Himachal Pradesh,240,Mandi,Mandi,607.0,2730,Bali Chowki(S.T),True
6,Himachal Pradesh,240,Mandi,Mandi,607.0,2731,Chachyot(T),True
6,Himachal Pradesh,240,Mandi,Mandi,607.0,2732,Dharmpur(S.T),True
6,Himachal Pradesh,240,Mandi,Mandi,607.0,2733,Jogindarnagar(T),True
6,Himachal Pradesh,240,Mandi,Mandi,607.0,2734,Karsog(T),True
6,Himachal Pradesh,240,Mandi,Mandi,607.0,2735,Kotli(S.T),True
6,Himachal Pradesh,240,Mandi,Mandi,607.0,2736,Lad Bharol(T),True
6,Himachal Pradesh,240,Mandi,Mandi,607.0,2737,Mandi(T),True
6,Himachal Pradesh,240,Mandi,Mandi,607.0,2738,Nihri(S.T),True
6,Himachal Pradesh,240,Mandi,Mandi,607.0,2739,Padhar(T),True
6,Himachal Pradesh,240,Mandi,Mandi,607.0,2740,Sandhol(S.T),True
6,Himachal Pradesh,240,Mandi,Mandi,607.0,2741,Sarkaghat(T),True
6,Himachal Pradesh,240,Mandi,Mandi,607.0,2742,Sundarnagar(T),True
6,Himachal Pradesh,240,Mandi,Mandi,607.0,2743,Thunag(T),True
6,Himachal Pradesh,241,Shimla,Kinnaur,605.0,2744,Hangrang(S.T),True
6,Himachal Pradesh,241,Shimla,Kinnaur,605.0,2745,Kalpa(T),True
6,Himachal Pradesh,241,Shimla,Kinnaur,605.0,2746,Morang(T),True
6,Himachal Pradesh,241,Shimla,Kinnaur,605.0,2747,Nichar(T),True
6,Himachal Pradesh,241,Shimla,Kinnaur,605.0,2748,Poo(T),True
6,Himachal Pradesh,241,Shimla,Kinnaur,605.0,2749,Sangla(T),True
6,Himachal Pradesh,241,Shimla,Shimla,608.0,2750,Chaupal(T),True
6,Himachal Pradesh,241,Shimla,Shimla,608.0,2751,Cheta(S.T),True
6,Himachal Pradesh,241,Shimla,Shimla,608.0,2752,Chirgaon(T),True
6,Himachal Pradesh,241,Shimla,Shimla,608.0,2753,Dodra Kwar(T),True
6,Himachal Pradesh,241,Shimla,Shimla,608.0,2754,Jubbal(T),True
6,Himachal Pradesh,241,Shimla,Shimla,608.0,2755,Junga(S.T),True
6,Himachal Pradesh,241,Shimla,Shimla,608.0,2756,Kotkhai(T),True
6,Himachal Pradesh,241,Shimla,Shimla,608.0,2757,Kumharsain(T),True
6,Himachal Pradesh,241,Shimla,Shimla,608.0,2758,Nankhari(S.T),True
6,Himachal Pradesh,241,Shimla,Shimla,608.0,2759,Nerua(S.T),True
6,Himachal Pradesh,241,Shimla,Shimla,608.0,2760,Rampur(T),True
6,Himachal Pradesh,241,Shimla,Shimla,608.0,2761,Rohru(T),True
6,Himachal Pradesh,241,Shimla,Shimla,608.0,2762,Seoni(T),True
6,Himachal Pradesh,241,Shimla,Shimla,608.0,2763,Shimla Rural(T),True
6,Himachal Pradesh,241,Shimla,Shimla,608.0,2764,Shimla Urban(T),True
6,Himachal Pradesh,241,Shimla,Shimla,608.0,2765,Theog(T),True
6,Himachal Pradesh,241,Shimla,Shimla,608.0,2766,Tikar(S.T),True
6,Himachal Pradesh,241,Shimla,Sirmaur,609.0,2767,Dadahu(S.T),True
6,Himachal Pradesh,241,Shimla,Sirmaur,609.0,2768,Kamrau(S.T),True
6,Himachal Pradesh,241,Shimla,Sirmaur,609.0,2769,Nahan(T),True
6,Himachal Pradesh,241,Shimla,Sirmaur,609.0,2770,Nohra(S.T),True
6,Himachal Pradesh,241,Shimla,Sirmaur,609.0,2771,Pachhad(T),True
6,Himachal Pradesh,241,Shimla,Sirmaur,609.0,2772,Paonta Sahib(T),True
6,Himachal Pradesh,241,Shimla,Sirmaur,609.0,2773,Rajgarh(T),True
6,Himachal Pradesh,241,Shimla,Sirmaur,609.0,2774,Renuka(T),True
6,Himachal Pradesh,241,Shimla,Sirmaur,609.0,2775,Ronhat(S.T),True
6,Himachal Pradesh,241,Shimla,Sirmaur,609.0,2776,Shalai(T),True
6,Himachal Pradesh,241,Shimla,Solan,610.0,2777,Arki(T),True
6,Himachal Pradesh,241,Shimla,Solan,610.0,2778,Kandaghat(T),True
6,Himachal Pradesh,241,Shimla,Solan,610.0,2779,Kasauli(T),True
6,Himachal Pradesh,241,Shimla,Solan,610.0,2780,Krishangarh(S.T),True
6,Himachal Pradesh,241,Shimla,Solan,610.0,2781,Nalagarh(T),True
6,Himachal Pradesh,241,Shimla,Solan,610.0,2782,Ramshahr(S.T),True
6,Himachal Pradesh,241,Shimla,Solan,610.0,2783,Solan(T),True
7,Jammu and Kashmir,242,Jammu,Doda,712.0,2784,Banihal,True
7,Jammu and Kashmir,242,Jammu,Doda,712.0,2785,Bhaderwah,True
7,Jammu and Kashmir,242,Jammu,Doda,712.0,2786,Bhalessa (Gandoh),True
7,Jammu and Kashmir,242,Jammu,Doda,712.0,2787,Doda,True
7,Jammu and Kashmir,242,Jammu,Doda,712.0,2788,Kishtwar,True
7,Jammu and Kashmir,242,Jammu,Doda,712.0,2789,Ramban,True
7,Jammu and Kashmir,242,Jammu,Doda,712.0,2790,Thathri,True
7,Jammu and Kashmir,242,Jammu,Jammu,710.0,2791,Akhnoor,True
7,Jammu and Kashmir,242,Jammu,Jammu,710.0,2792,Bahu,True
7,Jammu and Kashmir,242,Jammu,Jammu,710.0,2793,Bishna,True
7,Jammu and Kashmir,242,Jammu,Jammu,710.0,2794,Gadi Ghar,True
7,Jammu and Kashmir,242,Jammu,Jammu,710.0,2795,Jammu,True
7,Jammu and Kashmir,242,Jammu,Jammu,710.0,2796,Jammu Khas,True
7,Jammu and Kashmir,242,Jammu,Jammu,710.0,2797,Jammu North,True
7,Jammu and Kashmir,242,Jammu,Jammu,710.0,2798,Jammu West,True
7,Jammu and Kashmir,242,Jammu,Jammu,710.0,2799,Ranbirsinghpora,True
7,Jammu and Kashmir,242,Jammu,Jammu,710.0,2800,RS Pura,True
7,Jammu and Kashmir,242,Jammu,Jammu,710.0,2801,Samba,True
7,Jammu and Kashmir,242,Jammu,Jammu,710.0,2802,Trikuta Nagar,True
7,Jammu and Kashmir,242,Jammu,Kathua,711.0,2803,Bashohli,True
7,Jammu and Kashmir,242,Jammu,Kathua,711.0,2804,Billawar,True
7,Jammu and Kashmir,242,Jammu,Kathua,711.0,2805,Hiranagar,True
7,Jammu and Kashmir,242,Jammu,Kathua,711.0,2806,Kathua,True
7,Jammu and Kashmir,242,Jammu,Kishtwar,720.0,2807,bunjwah,True
7,Jammu and Kashmir,242,Jammu,Kishtwar,720.0,2808,chattroo,True
7,Jammu and Kashmir,242,Jammu,Kishtwar,720.0,2809,dachhan,True
7,Jammu and Kashmir,242,Jammu,Kishtwar,720.0,2810,drabshalla,True
7,Jammu and Kashmir,242,Jammu,Kishtwar,720.0,2811,kishtwar,True
7,Jammu and Kashmir,242,Jammu,Kishtwar,720.0,2812,machail,True
7,Jammu and Kashmir,242,Jammu,Kishtwar,720.0,2813,marwah,True
7,Jammu and Kashmir,242,Jammu,Kishtwar,720.0,2814,mughal maidan,True
7,Jammu and Kashmir,242,Jammu,Kishtwar,720.0,2815,nagseni,True
7,Jammu and Kashmir,242,Jammu,Kishtwar,720.0,2816,paddar,True
7,Jammu and Kashmir,242,Jammu,Kishtwar,720.0,2817,warwan,True
7,Jammu and Kashmir,242,Jammu,Poonch,713.0,2818,Haveli,True
7,Jammu and Kashmir,242,Jammu,Poonch,713.0,2819,Mendhar,True
7,Jammu and Kashmir,242,Jammu,Poonch,713.0,2820,Surankote,True
7,Jammu and Kashmir,242,Jammu,Rajouri,714.0,2821,Budhal,True
7,Jammu and Kashmir,242,Jammu,Rajouri,714.0,2822,Kalakote,True
7,Jammu and Kashmir,242,Jammu,Rajouri,714.0,2823,Nowshehra,True
7,Jammu and Kashmir,242,Jammu,Rajouri,714.0,2824,Rajauri,True
7,Jammu and Kashmir,242,Jammu,Rajouri,714.0,2825,Sunderbani,True
7,Jammu and Kashmir,242,Jammu,Rajouri,714.0,2826,Thanamandi,True
7,Jammu and Kashmir,242,Jammu,Ramban,717.0,2827,gool,True
7,Jammu and Kashmir,242,Jammu,Samba,719.0,2828,samba,True
7,Jammu and Kashmir,242,Jammu,Udhampur,709.0,2829,Chenani,True
7,Jammu and Kashmir,242,Jammu,Udhampur,709.0,2830,Gool Gulab Garh,True
7,Jammu and Kashmir,242,Jammu,Udhampur,709.0,2831,Ramnagar,True
7,Jammu and Kashmir,242,Jammu,Udhampur,709.0,2832,Reasi,True
7,Jammu and Kashmir,242,Jammu,Udhampur,709.0,2833,Udhampur,True
7,Jammu and Kashmir,243,Kashmir,Anantnag,701.0,2834,Anantnag,True
7,Jammu and Kashmir,243,Kashmir,Anantnag,701.0,2835,Bijbehara,True
7,Jammu and Kashmir,243,Kashmir,Anantnag,701.0,2836,Duru,True
7,Jammu and Kashmir,243,Kashmir,Anantnag,701.0,2837,Kulgam,True
7,Jammu and Kashmir,243,Kashmir,Anantnag,701.0,2838,Pahalgam,True
7,Jammu and Kashmir,243,Kashmir,Anantnag,701.0,2839,shahabad,True
7,Jammu and Kashmir,243,Kashmir,Badgam,704.0,2840,Badgam,True
7,Jammu and Kashmir,243,Kashmir,Badgam,704.0,2841,Beerwah,True
7,Jammu and Kashmir,243,Kashmir,Badgam,704.0,2842,Chadura,True
7,Jammu and Kashmir,243,Kashmir,Baramullah,705.0,2843,Bandipore,True
7,Jammu and Kashmir,243,Kashmir,Baramullah,705.0,2844,Baramula,True
7,Jammu and Kashmir,243,Kashmir,Baramullah,705.0,2845,Gulmarg,True
7,Jammu and Kashmir,243,Kashmir,Baramullah,705.0,2846,Gurez,True
7,Jammu and Kashmir,243,Kashmir,Baramullah,705.0,2847,Pattan,True
7,Jammu and Kashmir,243,Kashmir,Baramullah,705.0,2848,Sonawari,True
7,Jammu and Kashmir,243,Kashmir,Baramullah,705.0,2849,Sopore,True
7,Jammu and Kashmir,243,Kashmir,Baramullah,705.0,2850,tangmarg,True
7,Jammu and Kashmir,243,Kashmir,Baramullah,705.0,2851,Uri,True
7,Jammu and Kashmir,243,Kashmir,Ganderbal,721.0,2852,Ganderbal,True
7,Jammu and Kashmir,243,Kashmir,Ganderbal,721.0,2853,Gund,True
7,Jammu and Kashmir,243,Kashmir,Ganderbal,721.0,2854,Kangan,True
7,Jammu and Kashmir,243,Kashmir,Ganderbal,721.0,2855,Lar,True
7,Jammu and Kashmir,243,Kashmir,Ganderbal,721.0,2856,Tullamulla,True
7,Jammu and Kashmir,243,Kashmir,Ganderbal,721.0,2857,Wakoora,True
7,Jammu and Kashmir,243,Kashmir,Kulgam,716.0,2858,damhal hanjipora,True
7,Jammu and Kashmir,243,Kashmir,Kulgam,716.0,2859,kulgam,True
7,Jammu and Kashmir,243,Kashmir,Kupwara,706.0,2860,Handwara,True
7,Jammu and Kashmir,243,Kashmir,Kupwara,706.0,2861,Karnah,True
7,Jammu and Kashmir,243,Kashmir,Kupwara,706.0,2862,Kupwara,True
7,Jammu and Kashmir,243,Kashmir,Pulwama,702.0,2863,aripal,True
7,Jammu and Kashmir,243,Kashmir,Pulwama,702.0,2864,awantipora,True
7,Jammu and Kashmir,243,Kashmir,Pulwama,702.0,2865,kakapora,True
7,Jammu and Kashmir,243,Kashmir,Pulwama,702.0,2866,litter,True
7,Jammu and Kashmir,243,Kashmir,Pulwama,702.0,2867,Pampore,True
7,Jammu and Kashmir,243,Kashmir,Pulwama,702.0,2868,Pulwama,True
7,Jammu and Kashmir,243,Kashmir,Pulwama,702.0,2869,rajpora,True
7,Jammu and Kashmir,243,Kashmir,Pulwama,702.0,2870,Shupiyan,True
7,Jammu and Kashmir,243,Kashmir,Pulwama,702.0,2871,Tral,True
7,Jammu and Kashmir,243,Kashmir,Shopian,722.0,2872,chitragam,True
7,Jammu and Kashmir,243,Kashmir,Shopian,722.0,2873,keegam,True
7,Jammu and Kashmir,243,Kashmir,Shopian,722.0,2874,shopian,True
7,Jammu and Kashmir,243,Kashmir,Srinagar,703.0,2875,Ganderbal,True
7,Jammu and Kashmir,243,Kashmir,Srinagar,703.0,2876,Kangan,True
7,Jammu and Kashmir,243,Kashmir,Srinagar,703.0,2877,Srinagar,True
24,Jharkhand,244,Kolhan,Pashchimi Singhbhum,2422.0,2878,Adityapur,True
24,Jharkhand,244,Kolhan,Pashchimi Singhbhum,2422.0,2879,Bandgaon,True
24,Jharkhand,244,Kolhan,Pashchimi Singhbhum,2422.0,2880,Chaibasa,True
24,Jharkhand,244,Kolhan,Pashchimi Singhbhum,2422.0,2881,Chakradharpur,True
24,Jharkhand,244,Kolhan,Pashchimi Singhbhum,2422.0,2882,Chandil,True
24,Jharkhand,244,Kolhan,Pashchimi Singhbhum,2422.0,2883,Gobindpur,True
24,Jharkhand,244,Kolhan,Pashchimi Singhbhum,2422.0,2884,Goilkera,True
24,Jharkhand,244,Kolhan,Pashchimi Singhbhum,2422.0,2885,Ichagarh,True
24,Jharkhand,244,Kolhan,Pashchimi Singhbhum,2422.0,2886,Jagannathpur,True
24,Jharkhand,244,Kolhan,Pashchimi Singhbhum,2422.0,2887,Jhinkpani,True
24,Jharkhand,244,Kolhan,Pashchimi Singhbhum,2422.0,2888,Kharsawan,True
24,Jharkhand,244,Kolhan,Pashchimi Singhbhum,2422.0,2889,Khuntpani,True
24,Jharkhand,244,Kolhan,Pashchimi Singhbhum,2422.0,2890,Kuchai,True
24,Jharkhand,244,Kolhan,Pashchimi Singhbhum,2422.0,2891,Kumardungi,True
24,Jharkhand,244,Kolhan,Pashchimi Singhbhum,2422.0,2892,Majhgaon,True
24,Jharkhand,244,Kolhan,Pashchimi Singhbhum,2422.0,2893,Manjhari,True
24,Jharkhand,244,Kolhan,Pashchimi Singhbhum,2422.0,2894,Manoharpur,True
24,Jharkhand,244,Kolhan,Pashchimi Singhbhum,2422.0,2895,Nimdih,True
24,Jharkhand,244,Kolhan,Pashchimi Singhbhum,2422.0,2896,Noamundi,True
24,Jharkhand,244,Kolhan,Pashchimi Singhbhum,2422.0,2897,Seraikela,True
24,Jharkhand,244,Kolhan,Pashchimi Singhbhum,2422.0,2898,Sonua,True
24,Jharkhand,244,Kolhan,Pashchimi Singhbhum,2422.0,2899,Tantnagar,True
24,Jharkhand,244,Kolhan,Pashchimi Singhbhum,2422.0,2900,Tonto,True
24,Jharkhand,244,Kolhan,Purbi Singhbhum,2406.0,2901,Baharagora,True
24,Jharkhand,244,Kolhan,Purbi Singhbhum,2406.0,2902,Chakulia,True
24,Jharkhand,244,Kolhan,Purbi Singhbhum,2406.0,2903,Dhalbhumgarh,True
24,Jharkhand,244,Kolhan,Purbi Singhbhum,2406.0,2904,Dumaria,True
24,Jharkhand,244,Kolhan,Purbi Singhbhum,2406.0,2905,Ghatshila,True
24,Jharkhand,244,Kolhan,Purbi Singhbhum,2406.0,2906,Golmuri-Cum-Jugsalai,True
24,Jharkhand,244,Kolhan,Purbi Singhbhum,2406.0,2907,Musabani,True
24,Jharkhand,244,Kolhan,Purbi Singhbhum,2406.0,2908,Patamda,True
24,Jharkhand,244,Kolhan,Purbi Singhbhum,2406.0,2909,Potka,True
24,Jharkhand,245,North Chotanagpur,Bokaro,2401.0,2910,Bermo,True
24,Jharkhand,245,North Chotanagpur,Bokaro,2401.0,2911,Chandankiyari,True
24,Jharkhand,245,North Chotanagpur,Bokaro,2401.0,2912,Chas,True
24,Jharkhand,245,North Chotanagpur,Bokaro,2401.0,2913,Gumia,True
24,Jharkhand,245,North Chotanagpur,Bokaro,2401.0,2914,Jaridih,True
24,Jharkhand,245,North Chotanagpur,Bokaro,2401.0,2915,Kasmar,True
24,Jharkhand,245,North Chotanagpur,Bokaro,2401.0,2916,Nawadih,True
24,Jharkhand,245,North Chotanagpur,Bokaro,2401.0,2917,Peterwar,True
24,Jharkhand,245,North Chotanagpur,Chatra,2402.0,2918,Chatra,True
24,Jharkhand,245,North Chotanagpur,Chatra,2402.0,2919,Gidhaur,True
24,Jharkhand,245,North Chotanagpur,Chatra,2402.0,2920,Hunterganj,True
24,Jharkhand,245,North Chotanagpur,Chatra,2402.0,2921,Itkhori,True
24,Jharkhand,245,North Chotanagpur,Chatra,2402.0,2922,Kunda,True
24,Jharkhand,245,North Chotanagpur,Chatra,2402.0,2923,Lawalaung,True
24,Jharkhand,245,North Chotanagpur,Chatra,2402.0,2924,Pathalgora,True
24,Jharkhand,245,North Chotanagpur,Chatra,2402.0,2925,Pratappur,True
24,Jharkhand,245,North Chotanagpur,Chatra,2402.0,2926,Simaria,True
24,Jharkhand,245,North Chotanagpur,Chatra,2402.0,2927,Tandwa,True
24,Jharkhand,245,North Chotanagpur,Dhanbad,2404.0,2928,Baghmara-Cum-Katras,True
24,Jharkhand,245,North Chotanagpur,Dhanbad,2404.0,2929,Baliapur,True
24,Jharkhand,245,North Chotanagpur,Dhanbad,2404.0,2930,Dhanbad-Cum-Ken-duadih-Cum-Jagta,True
24,Jharkhand,245,North Chotanagpur,Dhanbad,2404.0,2931,Gobindpur,True
24,Jharkhand,245,North Chotanagpur,Dhanbad,2404.0,2932,Jharia-Cum-Jorap-okhar-Cum-Sindri,True
24,Jharkhand,245,North Chotanagpur,Dhanbad,2404.0,2933,Nirsa-Cum-Chirkunda,True
24,Jharkhand,245,North Chotanagpur,Dhanbad,2404.0,2934,Topchanchi,True
24,Jharkhand,245,North Chotanagpur,Dhanbad,2404.0,2935,Tundi,True
24,Jharkhand,245,North Chotanagpur,Giridih,2408.0,2936,Bagodar,True
24,Jharkhand,245,North Chotanagpur,Giridih,2408.0,2937,Bengabad,True
24,Jharkhand,245,North Chotanagpur,Giridih,2408.0,2938,Birni,True
24,Jharkhand,245,North Chotanagpur,Giridih,2408.0,2939,Deori,True
24,Jharkhand,245,North Chotanagpur,Giridih,2408.0,2940,Dhanwar,True
24,Jharkhand,245,North Chotanagpur,Giridih,2408.0,2941,Dumri,True
24,Jharkhand,245,North Chotanagpur,Giridih,2408.0,2942,Gande,True
24,Jharkhand,245,North Chotanagpur,Giridih,2408.0,2943,Gawan,True
24,Jharkhand,245,North Chotanagpur,Giridih,2408.0,2944,Giridih,True
24,Jharkhand,245,North Chotanagpur,Giridih,2408.0,2945,Jamua,True
24,Jharkhand,245,North Chotanagpur,Giridih,2408.0,2946,Pirtanr,True
24,Jharkhand,245,North Chotanagpur,Giridih,2408.0,2947,Tisri,True
24,Jharkhand,245,North Chotanagpur,Hazaribagh,2411.0,2948,Barhi,True
24,Jharkhand,245,North Chotanagpur,Hazaribagh,2411.0,2949,Barkagaon,True
24,Jharkhand,245,North Chotanagpur,Hazaribagh,2411.0,2950,Barkatha,True
24,Jharkhand,245,North Chotanagpur,Hazaribagh,2411.0,2951,Bishungarh,True
24,Jharkhand,245,North Chotanagpur,Hazaribagh,2411.0,2952,Chauparan,True
24,Jharkhand,245,North Chotanagpur,Hazaribagh,2411.0,2953,Churchu,True
24,Jharkhand,245,North Chotanagpur,Hazaribagh,2411.0,2954,Gola,True
24,Jharkhand,245,North Chotanagpur,Hazaribagh,2411.0,2955,Hazaribag,True
24,Jharkhand,245,North Chotanagpur,Hazaribagh,2411.0,2956,Ichak,True
24,Jharkhand,245,North Chotanagpur,Hazaribagh,2411.0,2957,Katkamsandi,True
24,Jharkhand,245,North Chotanagpur,Hazaribagh,2411.0,2958,Keredari,True
24,Jharkhand,245,North Chotanagpur,Hazaribagh,2411.0,2959,Mandu,True
24,Jharkhand,245,North Chotanagpur,Hazaribagh,2411.0,2960,Padma,True
24,Jharkhand,245,North Chotanagpur,Hazaribagh,2411.0,2961,Patratu,True
24,Jharkhand,245,North Chotanagpur,Hazaribagh,2411.0,2962,Ramgarh,True
24,Jharkhand,245,North Chotanagpur,Koderma,2413.0,2963,Jainagar,True
24,Jharkhand,245,North Chotanagpur,Koderma,2413.0,2964,Kodarma,True
24,Jharkhand,245,North Chotanagpur,Koderma,2413.0,2965,Markacho,True
24,Jharkhand,245,North Chotanagpur,Koderma,2413.0,2966,Satgawan,True
24,Jharkhand,246,Palamu,Garhwa,2407.0,2967,Bhandaria,True
24,Jharkhand,246,Palamu,Garhwa,2407.0,2968,Bhawnathpur,True
24,Jharkhand,246,Palamu,Garhwa,2407.0,2969,Chinia,True
24,Jharkhand,246,Palamu,Garhwa,2407.0,2970,Dandai,True
24,Jharkhand,246,Palamu,Garhwa,2407.0,2971,Dhurki,True
24,Jharkhand,246,Palamu,Garhwa,2407.0,2972,Garhwa,True
24,Jharkhand,246,Palamu,Garhwa,2407.0,2973,Kandi,True
24,Jharkhand,246,Palamu,Garhwa,2407.0,2974,Kharaundhi,True
24,Jharkhand,246,Palamu,Garhwa,2407.0,2975,Majhiaon,True
24,Jharkhand,246,Palamu,Garhwa,2407.0,2976,Meral (Pipra Kalan),True
24,Jharkhand,246,Palamu,Garhwa,2407.0,2977,Nagaruntari,True
24,Jharkhand,246,Palamu,Garhwa,2407.0,2978,Ramkanda,True
24,Jharkhand,246,Palamu,Garhwa,2407.0,2979,Ramna,True
24,Jharkhand,246,Palamu,Garhwa,2407.0,2980,Ranka,True
24,Jharkhand,246,Palamu,Palamu,2417.0,2981,Balumath,True
24,Jharkhand,246,Palamu,Palamu,2417.0,2982,Barwadih,True
24,Jharkhand,246,Palamu,Palamu,2417.0,2983,Bishrampur,True
24,Jharkhand,246,Palamu,Palamu,2417.0,2984,Chainpur,True
24,Jharkhand,246,Palamu,Palamu,2417.0,2985,Chandwa,True
24,Jharkhand,246,Palamu,Palamu,2417.0,2986,Chhatarpur,True
24,Jharkhand,246,Palamu,Palamu,2417.0,2987,Daltonganj,True
24,Jharkhand,246,Palamu,Palamu,2417.0,2988,Garu,True
24,Jharkhand,246,Palamu,Palamu,2417.0,2989,Hariharganj,True
24,Jharkhand,246,Palamu,Palamu,2417.0,2990,Hussainabad,True
24,Jharkhand,246,Palamu,Palamu,2417.0,2991,Latehar,True
24,Jharkhand,246,Palamu,Palamu,2417.0,2992,Leslieganj,True
24,Jharkhand,246,Palamu,Palamu,2417.0,2993,Mahuadanr,True
24,Jharkhand,246,Palamu,Palamu,2417.0,2994,Manatu,True
24,Jharkhand,246,Palamu,Palamu,2417.0,2995,Manika,True
24,Jharkhand,246,Palamu,Palamu,2417.0,2996,Pandu,True
24,Jharkhand,246,Palamu,Palamu,2417.0,2997,Panki,True
24,Jharkhand,246,Palamu,Palamu,2417.0,2998,Patan,True
24,Jharkhand,246,Palamu,Palamu,2417.0,2999,Satbarwa,True
24,Jharkhand,247,Santhal Pargana,Deoghar,2403.0,3000,Deoghar,True
24,Jharkhand,247,Santhal Pargana,Deoghar,2403.0,3001,Devipur,True
24,Jharkhand,247,Santhal Pargana,Deoghar,2403.0,3002,Karon,True
24,Jharkhand,247,Santhal Pargana,Deoghar,2403.0,3003,Madhupur,True
24,Jharkhand,247,Santhal Pargana,Deoghar,2403.0,3004,Mohanpur,True
24,Jharkhand,247,Santhal Pargana,Deoghar,2403.0,3005,Palojori,True
24,Jharkhand,247,Santhal Pargana,Deoghar,2403.0,3006,Sarath,True
24,Jharkhand,247,Santhal Pargana,Deoghar,2403.0,3007,Sarwan,True
24,Jharkhand,247,Santhal Pargana,Dumka,2405.0,3008,Dumka,True
24,Jharkhand,247,Santhal Pargana,Dumka,2405.0,3009,Gopikandar,True
24,Jharkhand,247,Santhal Pargana,Dumka,2405.0,3010,Jama,True
24,Jharkhand,247,Santhal Pargana,Dumka,2405.0,3011,Jamtara,True
24,Jharkhand,247,Santhal Pargana,Dumka,2405.0,3012,Jarmundi,True
24,Jharkhand,247,Santhal Pargana,Dumka,2405.0,3013,Kathikund,True
24,Jharkhand,247,Santhal Pargana,Dumka,2405.0,3014,Kundhit,True
24,Jharkhand,247,Santhal Pargana,Dumka,2405.0,3015,Masalia,True
24,Jharkhand,247,Santhal Pargana,Dumka,2405.0,3016,Nala,True
24,Jharkhand,247,Santhal Pargana,Dumka,2405.0,3017,Narayanpur,True
24,Jharkhand,247,Santhal Pargana,Dumka,2405.0,3018,Ramgarh,True
24,Jharkhand,247,Santhal Pargana,Dumka,2405.0,3019,Ranishwar,True
24,Jharkhand,247,Santhal Pargana,Dumka,2405.0,3020,Saraiyahat,True
24,Jharkhand,247,Santhal Pargana,Dumka,2405.0,3021,Shikaripara,True
24,Jharkhand,247,Santhal Pargana,Godda,2409.0,3022,Boarijor,True
24,Jharkhand,247,Santhal Pargana,Godda,2409.0,3023,Godda,True
24,Jharkhand,247,Santhal Pargana,Godda,2409.0,3024,Mahagama,True
24,Jharkhand,247,Santhal Pargana,Godda,2409.0,3025,Meherma,True
24,Jharkhand,247,Santhal Pargana,Godda,2409.0,3026,Pathargama,True
24,Jharkhand,247,Santhal Pargana,Godda,2409.0,3027,Poreyahat,True
24,Jharkhand,247,Santhal Pargana,Godda,2409.0,3028,Sundar Pahari,True
24,Jharkhand,247,Santhal Pargana,Godda,2409.0,3029,Thakur Gangti,True
24,Jharkhand,247,Santhal Pargana,Pakur,2416.0,3030,Amrapara,True
24,Jharkhand,247,Santhal Pargana,Pakur,2416.0,3031,Hiranpur,True
24,Jharkhand,247,Santhal Pargana,Pakur,2416.0,3032,Litipara,True
24,Jharkhand,247,Santhal Pargana,Pakur,2416.0,3033,Maheshpur,True
24,Jharkhand,247,Santhal Pargana,Pakur,2416.0,3034,Pakaur,True
24,Jharkhand,247,Santhal Pargana,Pakur,2416.0,3035,Pakuria,True
24,Jharkhand,247,Santhal Pargana,Sahibganj,2419.0,3036,Barhait,True
24,Jharkhand,247,Santhal Pargana,Sahibganj,2419.0,3037,Barharwa,True
24,Jharkhand,247,Santhal Pargana,Sahibganj,2419.0,3038,Borio,True
24,Jharkhand,247,Santhal Pargana,Sahibganj,2419.0,3039,Mandro,True
24,Jharkhand,247,Santhal Pargana,Sahibganj,2419.0,3040,Pathna,True
24,Jharkhand,247,Santhal Pargana,Sahibganj,2419.0,3041,Rajmahal,True
24,Jharkhand,247,Santhal Pargana,Sahibganj,2419.0,3042,Sahibganj,True
24,Jharkhand,247,Santhal Pargana,Sahibganj,2419.0,3043,Taljhari,True
24,Jharkhand,247,Santhal Pargana,Sahibganj,2419.0,3044,Udhwa,True
24,Jharkhand,248,South Chotanagpur,Gumla,2410.0,3045,Bano,True
24,Jharkhand,248,South Chotanagpur,Gumla,2410.0,3046,Basia,True
24,Jharkhand,248,South Chotanagpur,Gumla,2410.0,3047,Bishunpur,True
24,Jharkhand,248,South Chotanagpur,Gumla,2410.0,3048,Bolba,True
24,Jharkhand,248,South Chotanagpur,Gumla,2410.0,3049,Chainpur,True
24,Jharkhand,248,South Chotanagpur,Gumla,2410.0,3050,Dumri,True
24,Jharkhand,248,South Chotanagpur,Gumla,2410.0,3051,Ghaghra,True
24,Jharkhand,248,South Chotanagpur,Gumla,2410.0,3052,Gumla,True
24,Jharkhand,248,South Chotanagpur,Gumla,2410.0,3053,Jaldega,True
24,Jharkhand,248,South Chotanagpur,Gumla,2410.0,3054,Kamdara,True
24,Jharkhand,248,South Chotanagpur,Gumla,2410.0,3055,Kolebira,True
24,Jharkhand,248,South Chotanagpur,Gumla,2410.0,3056,Kurdeg,True
24,Jharkhand,248,South Chotanagpur,Gumla,2410.0,3057,Palkot,True
24,Jharkhand,248,South Chotanagpur,Gumla,2410.0,3058,Raidih,True
24,Jharkhand,248,South Chotanagpur,Gumla,2410.0,3059,simdega,True
24,Jharkhand,248,South Chotanagpur,Gumla,2410.0,3060,Sisai,True
24,Jharkhand,248,South Chotanagpur,Gumla,2410.0,3061,Thethaitangar,True
24,Jharkhand,248,South Chotanagpur,Gumla,2410.0,3062,Verno,True
24,Jharkhand,248,South Chotanagpur,Khunti,2423.0,3063,Erki,True
24,Jharkhand,248,South Chotanagpur,Khunti,2423.0,3064,Karra,True
24,Jharkhand,248,South Chotanagpur,Khunti,2423.0,3065,Khunti,True
24,Jharkhand,248,South Chotanagpur,Khunti,2423.0,3066,Murhu,True
24,Jharkhand,248,South Chotanagpur,Khunti,2423.0,3067,Rania,True
24,Jharkhand,248,South Chotanagpur,Khunti,2423.0,3068,Torpa,True
24,Jharkhand,248,South Chotanagpur,Lohardaga,2415.0,3069,Bhandra,True
24,Jharkhand,248,South Chotanagpur,Lohardaga,2415.0,3070,Kisko,True
24,Jharkhand,248,South Chotanagpur,Lohardaga,2415.0,3071,Kuru,True
24,Jharkhand,248,South Chotanagpur,Lohardaga,2415.0,3072,Lohardaga,True
24,Jharkhand,248,South Chotanagpur,Lohardaga,2415.0,3073,Senha,True
24,Jharkhand,248,South Chotanagpur,Ranchi,2418.0,3074,Angara,True
24,Jharkhand,248,South Chotanagpur,Ranchi,2418.0,3075,Bero,True
24,Jharkhand,248,South Chotanagpur,Ranchi,2418.0,3076,Bundu,True
24,Jharkhand,248,South Chotanagpur,Ranchi,2418.0,3077,Burmu,True
24,Jharkhand,248,South Chotanagpur,Ranchi,2418.0,3078,Chanho,True
24,Jharkhand,248,South Chotanagpur,Ranchi,2418.0,3079,Erki (Tamar II),True
24,Jharkhand,248,South Chotanagpur,Ranchi,2418.0,3080,Kanke,True
24,Jharkhand,248,South Chotanagpur,Ranchi,2418.0,3081,Karra,True
24,Jharkhand,248,South Chotanagpur,Ranchi,2418.0,3082,Khunti,True
24,Jharkhand,248,South Chotanagpur,Ranchi,2418.0,3083,Lapung,True
24,Jharkhand,248,South Chotanagpur,Ranchi,2418.0,3084,Mandar,True
24,Jharkhand,248,South Chotanagpur,Ranchi,2418.0,3085,Murhu,True
24,Jharkhand,248,South Chotanagpur,Ranchi,2418.0,3086,Namkum,True
24,Jharkhand,248,South Chotanagpur,Ranchi,2418.0,3087,Ormanjhi,True
24,Jharkhand,248,South Chotanagpur,Ranchi,2418.0,3088,Rania,True
24,Jharkhand,248,South Chotanagpur,Ranchi,2418.0,3089,Ratu,True
24,Jharkhand,248,South Chotanagpur,Ranchi,2418.0,3090,Silli,True
24,Jharkhand,248,South Chotanagpur,Ranchi,2418.0,3091,Sonahatu,True
24,Jharkhand,248,South Chotanagpur,Ranchi,2418.0,3092,Tamar I,True
24,Jharkhand,248,South Chotanagpur,Ranchi,2418.0,3093,Torpa,True
24,Jharkhand,248,South Chotanagpur,Simdega,2421.0,3094,Bano,True
24,Jharkhand,248,South Chotanagpur,Simdega,2421.0,3095,Bansjor,True
24,Jharkhand,248,South Chotanagpur,Simdega,2421.0,3096,Bolba,True
24,Jharkhand,248,South Chotanagpur,Simdega,2421.0,3097,Jaldega,True
24,Jharkhand,248,South Chotanagpur,Simdega,2421.0,3098,Kersai,True
24,Jharkhand,248,South Chotanagpur,Simdega,2421.0,3099,Kolebira,True
24,Jharkhand,248,South Chotanagpur,Simdega,2421.0,3100,Kurdeg,True
24,Jharkhand,248,South Chotanagpur,Simdega,2421.0,3101,Pakartand,True
24,Jharkhand,248,South Chotanagpur,Simdega,2421.0,3102,Simdega,True
24,Jharkhand,248,South Chotanagpur,Simdega,2421.0,3103,Thetahitanger,True
8,Karnataka,249,Coastal Karnataka,Dakshina Kannada,808.0,3104,Belthangadi,True
8,Karnataka,249,Coastal Karnataka,Dakshina Kannada,808.0,3105,Buntwal,True
8,Karnataka,249,Coastal Karnataka,Dakshina Kannada,808.0,3106,Kabada,True
8,Karnataka,249,Coastal Karnataka,Dakshina Kannada,808.0,3107,Mangalore,True
8,Karnataka,249,Coastal Karnataka,Dakshina Kannada,808.0,3108,Puttur,True
8,Karnataka,249,Coastal Karnataka,Dakshina Kannada,808.0,3109,Sulya,True
8,Karnataka,249,Coastal Karnataka,Uttara Kannada,819.0,3110,Ankola,True
8,Karnataka,249,Coastal Karnataka,Uttara Kannada,819.0,3111,Bhatkal,True
8,Karnataka,249,Coastal Karnataka,Uttara Kannada,819.0,3112,Dandeli,True
8,Karnataka,249,Coastal Karnataka,Uttara Kannada,819.0,3113,Haliyal,True
8,Karnataka,249,Coastal Karnataka,Uttara Kannada,819.0,3114,Honavar,True
8,Karnataka,249,Coastal Karnataka,Uttara Kannada,819.0,3115,Karwar,True
8,Karnataka,249,Coastal Karnataka,Uttara Kannada,819.0,3116,Kumta,True
8,Karnataka,249,Coastal Karnataka,Uttara Kannada,819.0,3117,Mundgod,True
8,Karnataka,249,Coastal Karnataka,Uttara Kannada,819.0,3118,Siddapur,True
8,Karnataka,249,Coastal Karnataka,Uttara Kannada,819.0,3119,Sirsi,True
8,Karnataka,249,Coastal Karnataka,Uttara Kannada,819.0,3120,Supa,True
8,Karnataka,249,Coastal Karnataka,Uttara Kannada,819.0,3121,Yellapur,True
8,Karnataka,250,North Interior Karnataka,Belagavi,802.0,3122,Athni,True
8,Karnataka,250,North Interior Karnataka,Belagavi,802.0,3123,Bail Hongal,True
8,Karnataka,250,North Interior Karnataka,Belagavi,802.0,3124,Belgaum,True
8,Karnataka,250,North Interior Karnataka,Belagavi,802.0,3125,Chikodi,True
8,Karnataka,250,North Interior Karnataka,Belagavi,802.0,3126,Gokak,True
8,Karnataka,250,North Interior Karnataka,Belagavi,802.0,3127,Hukeri,True
8,Karnataka,250,North Interior Karnataka,Belagavi,802.0,3128,Kagwad,True
8,Karnataka,250,North Interior Karnataka,Belagavi,802.0,3129,Khanapur,True
8,Karnataka,250,North Interior Karnataka,Belagavi,802.0,3130,Kittur,True
8,Karnataka,250,North Interior Karnataka,Belagavi,802.0,3131,Mudalgi,True
8,Karnataka,250,North Interior Karnataka,Belagavi,802.0,3132,Ramdurg,True
8,Karnataka,250,North Interior Karnataka,Belagavi,802.0,3133,Raybag,True
8,Karnataka,250,North Interior Karnataka,Belagavi,802.0,3134,Saundatti,True
8,Karnataka,250,North Interior Karnataka,Bidar,804.0,3135,Aurad,True
8,Karnataka,250,North Interior Karnataka,Bidar,804.0,3136,Basavakalyana,True
8,Karnataka,250,North Interior Karnataka,Bidar,804.0,3137,Bhalki,True
8,Karnataka,250,North Interior Karnataka,Bidar,804.0,3138,Bidar,True
8,Karnataka,250,North Interior Karnataka,Bidar,804.0,3139,Homnabad,True
8,Karnataka,250,North Interior Karnataka,Bijapur,2317.0,3140,Basavana Bagevadi,True
8,Karnataka,250,North Interior Karnataka,Bijapur,2317.0,3141,Bijapur,True
8,Karnataka,250,North Interior Karnataka,Bijapur,2317.0,3142,Indi,True
8,Karnataka,250,North Interior Karnataka,Bijapur,2317.0,3143,Muddebihal,True
8,Karnataka,250,North Interior Karnataka,Bijapur,2317.0,3144,Sindgi,True
8,Karnataka,250,North Interior Karnataka,Dharwad,809.0,3145,Alnavar,True
8,Karnataka,250,North Interior Karnataka,Dharwad,809.0,3146,Annigeri,True
8,Karnataka,250,North Interior Karnataka,Dharwad,809.0,3147,Dharwad,True
8,Karnataka,250,North Interior Karnataka,Dharwad,809.0,3148,Hubali Urban,True
8,Karnataka,250,North Interior Karnataka,Dharwad,809.0,3149,Hubli,True
8,Karnataka,250,North Interior Karnataka,Dharwad,809.0,3150,Kalghatgi,True
8,Karnataka,250,North Interior Karnataka,Dharwad,809.0,3151,Kundgol,True
8,Karnataka,250,North Interior Karnataka,Dharwad,809.0,3152,Navalgund,True
8,Karnataka,250,North Interior Karnataka,Kalaburgi,810.0,3153,Afzalpur,True
8,Karnataka,250,North Interior Karnataka,Kalaburgi,810.0,3154,Aland,True
8,Karnataka,250,North Interior Karnataka,Kalaburgi,810.0,3155,Chincholi,True
8,Karnataka,250,North Interior Karnataka,Kalaburgi,810.0,3156,Chitapur,True
8,Karnataka,250,North Interior Karnataka,Kalaburgi,810.0,3157,Gulbarga,True
8,Karnataka,250,North Interior Karnataka,Kalaburgi,810.0,3158,Jevargi,True
8,Karnataka,250,North Interior Karnataka,Kalaburgi,810.0,3159,Sedam,True
8,Karnataka,250,North Interior Karnataka,Raichur,816.0,3160,Devadurga,True
8,Karnataka,250,North Interior Karnataka,Raichur,816.0,3161,Lingsugur,True
8,Karnataka,250,North Interior Karnataka,Raichur,816.0,3162,Manvi,True
8,Karnataka,250,North Interior Karnataka,Raichur,816.0,3163,Maski,True
8,Karnataka,250,North Interior Karnataka,Raichur,816.0,3164,Raichur,True
8,Karnataka,250,North Interior Karnataka,Raichur,816.0,3165,Sindhnur,True
8,Karnataka,250,North Interior Karnataka,Raichur,816.0,3166,Sirwar,True
8,Karnataka,251,South Interior Karnataka,Bagalkot,822.0,3167,Badami,True
8,Karnataka,251,South Interior Karnataka,Bagalkot,822.0,3168,Bagalkot,True
8,Karnataka,251,South Interior Karnataka,Bagalkot,822.0,3169,Bilgi,True
8,Karnataka,251,South Interior Karnataka,Bagalkot,822.0,3170,Guledgudda,True
8,Karnataka,251,South Interior Karnataka,Bagalkot,822.0,3171,Hungund,True
8,Karnataka,251,South Interior Karnataka,Bagalkot,822.0,3172,Ilkal,True
8,Karnataka,251,South Interior Karnataka,Bagalkot,822.0,3173,Jamkhandi,True
8,Karnataka,251,South Interior Karnataka,Bagalkot,822.0,3174,Mudhol,True
8,Karnataka,251,South Interior Karnataka,Bagalkot,822.0,3175,Rabakavi Banahatti,True
8,Karnataka,251,South Interior Karnataka,Ballari,803.0,3176,Bellary,True
8,Karnataka,251,South Interior Karnataka,Ballari,803.0,3177,Hadagalli,True
8,Karnataka,251,South Interior Karnataka,Ballari,803.0,3178,Hagaribommanahalli,True
8,Karnataka,251,South Interior Karnataka,Ballari,803.0,3179,Hospet,True
8,Karnataka,251,South Interior Karnataka,Ballari,803.0,3180,Kampli,True
8,Karnataka,251,South Interior Karnataka,Ballari,803.0,3181,Kotturu,True
8,Karnataka,251,South Interior Karnataka,Ballari,803.0,3182,Kudligi,True
8,Karnataka,251,South Interior Karnataka,Ballari,803.0,3183,Kurugodu,True
8,Karnataka,251,South Interior Karnataka,Ballari,803.0,3184,Sandur,True
8,Karnataka,251,South Interior Karnataka,Ballari,803.0,3185,Siruguppa,True
8,Karnataka,251,South Interior Karnataka,Bengaluru Rural,801.0,3186,Devanahalli,True
8,Karnataka,251,South Interior Karnataka,Bengaluru Rural,801.0,3187,Doddaballapura,True
8,Karnataka,251,South Interior Karnataka,Bengaluru Rural,801.0,3188,Hoskote,True
8,Karnataka,251,South Interior Karnataka,Bengaluru Rural,801.0,3189,Nelamangala,True
8,Karnataka,251,South Interior Karnataka,Bengaluru Urban,821.0,3190,Anekal,True
8,Karnataka,251,South Interior Karnataka,Bengaluru Urban,821.0,3191,Bangalore East,True
8,Karnataka,251,South Interior Karnataka,Bengaluru Urban,821.0,3192,Bangalore North,True
8,Karnataka,251,South Interior Karnataka,Bengaluru Urban,821.0,3193,Bangalore South,True
8,Karnataka,251,South Interior Karnataka,Bengaluru Urban,821.0,3194,Yelahanka,True
8,Karnataka,251,South Interior Karnataka,Chamarajanagar,823.0,3195,Chamarajanagar,True
8,Karnataka,251,South Interior Karnataka,Chamarajanagar,823.0,3196,Gundlupet,True
8,Karnataka,251,South Interior Karnataka,Chamarajanagar,823.0,3197,Hanur,True
8,Karnataka,251,South Interior Karnataka,Chamarajanagar,823.0,3198,Kollegal,True
8,Karnataka,251,South Interior Karnataka,Chamarajanagar,823.0,3199,Yelandur,True
8,Karnataka,251,South Interior Karnataka,Chikkaballapur,828.0,3200,Bagepalli,True
8,Karnataka,251,South Interior Karnataka,Chikkaballapur,828.0,3201,Chinthamani,True
8,Karnataka,251,South Interior Karnataka,Chikkaballapur,828.0,3202,Gauribidanur,True
8,Karnataka,251,South Interior Karnataka,Chikkaballapur,828.0,3203,Gudibande,True
8,Karnataka,251,South Interior Karnataka,Chikkaballapur,828.0,3204,Shidlaghatta,True
8,Karnataka,251,South Interior Karnataka,Chikkaballapur,828.0,3205,Shorapur,True
8,Karnataka,251,South Interior Karnataka,Chikkamagaluru,806.0,3206,Ajjampura,True
8,Karnataka,251,South Interior Karnataka,Chikkamagaluru,806.0,3207,Chikkamagalur,True
8,Karnataka,251,South Interior Karnataka,Chikkamagaluru,806.0,3208,Kadur,True
8,Karnataka,251,South Interior Karnataka,Chikkamagaluru,806.0,3209,Koppa,True
8,Karnataka,251,South Interior Karnataka,Chikkamagaluru,806.0,3210,Mudigere,True
8,Karnataka,251,South Interior Karnataka,Chikkamagaluru,806.0,3211,N R Pura,True
8,Karnataka,251,South Interior Karnataka,Chikkamagaluru,806.0,3212,Sringeri,True
8,Karnataka,251,South Interior Karnataka,Chikkamagaluru,806.0,3213,Tarikere,True
8,Karnataka,251,South Interior Karnataka,Chitradurga,807.0,3214,Challakere,True
8,Karnataka,251,South Interior Karnataka,Chitradurga,807.0,3215,Chitradurga,True
8,Karnataka,251,South Interior Karnataka,Chitradurga,807.0,3216,Hiriyur,True
8,Karnataka,251,South Interior Karnataka,Chitradurga,807.0,3217,Holalkere,True
8,Karnataka,251,South Interior Karnataka,Chitradurga,807.0,3218,Hosdurga,True
8,Karnataka,251,South Interior Karnataka,Chitradurga,807.0,3219,Molakalmuru,True
8,Karnataka,251,South Interior Karnataka,Davanagere,824.0,3220,Channagiri,True
8,Karnataka,251,South Interior Karnataka,Davanagere,824.0,3221,Davanagere,True
8,Karnataka,251,South Interior Karnataka,Davanagere,824.0,3222,Harapanahalli,True
8,Karnataka,251,South Interior Karnataka,Davanagere,824.0,3223,Harihar,True
8,Karnataka,251,South Interior Karnataka,Davanagere,824.0,3224,Honnali,True
8,Karnataka,251,South Interior Karnataka,Davanagere,824.0,3225,Jagalur,True
8,Karnataka,251,South Interior Karnataka,Gadag,825.0,3226,Gadag,True
8,Karnataka,251,South Interior Karnataka,Gadag,825.0,3227,Gajendragad,True
8,Karnataka,251,South Interior Karnataka,Gadag,825.0,3228,Laxmeshwar,True
8,Karnataka,251,South Interior Karnataka,Gadag,825.0,3229,Mundargi,True
8,Karnataka,251,South Interior Karnataka,Gadag,825.0,3230,Nargund,True
8,Karnataka,251,South Interior Karnataka,Gadag,825.0,3231,Ron,True
8,Karnataka,251,South Interior Karnataka,Gadag,825.0,3232,Shirhatti,True
8,Karnataka,251,South Interior Karnataka,Hassan,811.0,3233,Alur,True
8,Karnataka,251,South Interior Karnataka,Hassan,811.0,3234,Arakalgud,True
8,Karnataka,251,South Interior Karnataka,Hassan,811.0,3235,Arasikere,True
8,Karnataka,251,South Interior Karnataka,Hassan,811.0,3236,Belur,True
8,Karnataka,251,South Interior Karnataka,Hassan,811.0,3237,Channarayapatna,True
8,Karnataka,251,South Interior Karnataka,Hassan,811.0,3238,Hassan,True
8,Karnataka,251,South Interior Karnataka,Hassan,811.0,3239,Holenarasipura,True
8,Karnataka,251,South Interior Karnataka,Hassan,811.0,3240,Sakaleshpur,True
8,Karnataka,251,South Interior Karnataka,Haveri,826.0,3241,Byadgi,True
8,Karnataka,251,South Interior Karnataka,Haveri,826.0,3242,Hangal,True
8,Karnataka,251,South Interior Karnataka,Haveri,826.0,3243,Haveri,True
8,Karnataka,251,South Interior Karnataka,Haveri,826.0,3244,Hirekerur,True
8,Karnataka,251,South Interior Karnataka,Haveri,826.0,3245,Ranibennur,True
8,Karnataka,251,South Interior Karnataka,Haveri,826.0,3246,Savanur,True
8,Karnataka,251,South Interior Karnataka,Haveri,826.0,3247,Shiggaon,True
8,Karnataka,251,South Interior Karnataka,Kodagu,812.0,3248,Mercara,True
8,Karnataka,251,South Interior Karnataka,Kodagu,812.0,3249,Somvarpet,True
8,Karnataka,251,South Interior Karnataka,Kodagu,812.0,3250,Virajpet,True
8,Karnataka,251,South Interior Karnataka,Kolar,813.0,3251,Bagepalli remapped to Chikkaballapura,True
8,Karnataka,251,South Interior Karnataka,Kolar,813.0,3252,Bangarpet,True
8,Karnataka,251,South Interior Karnataka,Kolar,813.0,3253,Chikballapur remapped to chikkaballapura,True
8,Karnataka,251,South Interior Karnataka,Kolar,813.0,3254,Chinthamani remapped to chikkaballapura,True
8,Karnataka,251,South Interior Karnataka,Kolar,813.0,3255,Gauribidanur remapped to chikkaballapura,True
8,Karnataka,251,South Interior Karnataka,Kolar,813.0,3256,Gudibande remapped to chikkaballapura,True
8,Karnataka,251,South Interior Karnataka,Kolar,813.0,3257,Kolar,True
8,Karnataka,251,South Interior Karnataka,Kolar,813.0,3258,Malur,True
8,Karnataka,251,South Interior Karnataka,Kolar,813.0,3259,Mulabagal,True
8,Karnataka,251,South Interior Karnataka,Kolar,813.0,3260,Sidlaghatta remapped to chikkaballapura,True
8,Karnataka,251,South Interior Karnataka,Kolar,813.0,3261,Srinivasapura,True
8,Karnataka,251,South Interior Karnataka,Koppal,827.0,3262,Gangawati,True
8,Karnataka,251,South Interior Karnataka,Koppal,827.0,3263,Kanakagiri,True
8,Karnataka,251,South Interior Karnataka,Koppal,827.0,3264,Karatagi,True
8,Karnataka,251,South Interior Karnataka,Koppal,827.0,3265,Koppal,True
8,Karnataka,251,South Interior Karnataka,Koppal,827.0,3266,Kukunoor,True
8,Karnataka,251,South Interior Karnataka,Koppal,827.0,3267,Kushtagi,True
8,Karnataka,251,South Interior Karnataka,Koppal,827.0,3268,Yelbarga,True
8,Karnataka,251,South Interior Karnataka,Mandya,814.0,3269,Krishnarajapet,True
8,Karnataka,251,South Interior Karnataka,Mandya,814.0,3270,Maddur,True
8,Karnataka,251,South Interior Karnataka,Mandya,814.0,3271,Malavalli,True
8,Karnataka,251,South Interior Karnataka,Mandya,814.0,3272,Mandya,True
8,Karnataka,251,South Interior Karnataka,Mandya,814.0,3273,Nagamangala,True
8,Karnataka,251,South Interior Karnataka,Mandya,814.0,3274,Pandavapura,True
8,Karnataka,251,South Interior Karnataka,Mandya,814.0,3275,Srirangapatna,True
8,Karnataka,251,South Interior Karnataka,Mysuru,815.0,3276,Heggadadevanakote,True
8,Karnataka,251,South Interior Karnataka,Mysuru,815.0,3277,Hunsur,True
8,Karnataka,251,South Interior Karnataka,Mysuru,815.0,3278,Krishnarajanagara,True
8,Karnataka,251,South Interior Karnataka,Mysuru,815.0,3279,Mysore,True
8,Karnataka,251,South Interior Karnataka,Mysuru,815.0,3280,Nanjanagud,True
8,Karnataka,251,South Interior Karnataka,Mysuru,815.0,3281,Piriyapatna,True
8,Karnataka,251,South Interior Karnataka,Mysuru,815.0,3282,Saranguru,True
8,Karnataka,251,South Interior Karnataka,Mysuru,815.0,3283,T.Narasipura,True
8,Karnataka,251,South Interior Karnataka,Ramanagara,820.0,3284,Channapatna,True
8,Karnataka,251,South Interior Karnataka,Ramanagara,820.0,3285,Kanakapura,True
8,Karnataka,251,South Interior Karnataka,Ramanagara,820.0,3286,Magadi,True
8,Karnataka,251,South Interior Karnataka,Ramanagara,820.0,3287,Ramanagar,True
8,Karnataka,251,South Interior Karnataka,Shivamogga,817.0,3288,Bhadravathi,True
8,Karnataka,251,South Interior Karnataka,Shivamogga,817.0,3289,Hosanagara,True
8,Karnataka,251,South Interior Karnataka,Shivamogga,817.0,3290,Sagar,True
8,Karnataka,251,South Interior Karnataka,Shivamogga,817.0,3291,Shikaripura,True
8,Karnataka,251,South Interior Karnataka,Shivamogga,817.0,3292,Shimoga,True
8,Karnataka,251,South Interior Karnataka,Shivamogga,817.0,3293,Soraba,True
8,Karnataka,251,South Interior Karnataka,Shivamogga,817.0,3294,Thirthahalli,True
8,Karnataka,251,South Interior Karnataka,Tumakuru,818.0,3295,Chikkanayakanahalli,True
8,Karnataka,251,South Interior Karnataka,Tumakuru,818.0,3296,Gubbi,True
8,Karnataka,251,South Interior Karnataka,Tumakuru,818.0,3297,Koratagere,True
8,Karnataka,251,South Interior Karnataka,Tumakuru,818.0,3298,Kunigal,True
8,Karnataka,251,South Interior Karnataka,Tumakuru,818.0,3299,Madhugiri,True
8,Karnataka,251,South Interior Karnataka,Tumakuru,818.0,3300,Pavagada,True
8,Karnataka,251,South Interior Karnataka,Tumakuru,818.0,3301,Sira,True
8,Karnataka,251,South Interior Karnataka,Tumakuru,818.0,3302,Tiptur,True
8,Karnataka,251,South Interior Karnataka,Tumakuru,818.0,3303,Tumkur,True
8,Karnataka,251,South Interior Karnataka,Tumakuru,818.0,3304,Turuvekere,True
8,Karnataka,251,South Interior Karnataka,Udupi,829.0,3305,Bainduru,True
8,Karnataka,251,South Interior Karnataka,Udupi,829.0,3306,Brahmavara,True
8,Karnataka,251,South Interior Karnataka,Udupi,829.0,3307,Hebri,True
8,Karnataka,251,South Interior Karnataka,Udupi,829.0,3308,Kapu,True
8,Karnataka,251,South Interior Karnataka,Udupi,829.0,3309,Karkal,True
8,Karnataka,251,South Interior Karnataka,Udupi,829.0,3310,Kundapura,True
8,Karnataka,251,South Interior Karnataka,Udupi,829.0,3311,Udupi,True
8,Karnataka,251,South Interior Karnataka,Vijayapura,805.0,3312,Babaleshwar,True
8,Karnataka,251,South Interior Karnataka,Vijayapura,805.0,3313,Basavana Bagevadi,True
8,Karnataka,251,South Interior Karnataka,Vijayapura,805.0,3314,Chadachan,True
8,Karnataka,251,South Interior Karnataka,Vijayapura,805.0,3315,Devara Hipparagi,True
8,Karnataka,251,South Interior Karnataka,Vijayapura,805.0,3316,Indi,True
8,Karnataka,251,South Interior Karnataka,Vijayapura,805.0,3317,Kolhar,True
8,Karnataka,251,South Interior Karnataka,Vijayapura,805.0,3318,Muddebihal,True
8,Karnataka,251,South Interior Karnataka,Vijayapura,805.0,3319,Nidagundi,True
8,Karnataka,251,South Interior Karnataka,Vijayapura,805.0,3320,Sindgi,True
8,Karnataka,251,South Interior Karnataka,Vijayapura,805.0,3321,Talikoti,True
8,Karnataka,251,South Interior Karnataka,Vijayapura,805.0,3322,Tikota,True
8,Karnataka,251,South Interior Karnataka,Vijayapura,805.0,3323,Vijayapura,True
8,Karnataka,251,South Interior Karnataka,Yadgir,830.0,3324,Gurumitkal,True
8,Karnataka,251,South Interior Karnataka,Yadgir,830.0,3325,Hunasagi,True
8,Karnataka,251,South Interior Karnataka,Yadgir,830.0,3326,Shahpur,True
8,Karnataka,251,South Interior Karnataka,Yadgir,830.0,3327,Shorapur,True
8,Karnataka,251,South Interior Karnataka,Yadgir,830.0,3328,Wadagera,True
8,Karnataka,251,South Interior Karnataka,Yadgir,830.0,3329,Yadgir,True
9,Kerala,252,Central Kerala,Ernakulam,906.0,3330,Aluva,True
9,Kerala,252,Central Kerala,Ernakulam,906.0,3331,Kanayannur,True
9,Kerala,252,Central Kerala,Ernakulam,906.0,3332,Kochi,True
9,Kerala,252,Central Kerala,Ernakulam,906.0,3333,Kothamangalam,True
9,Kerala,252,Central Kerala,Ernakulam,906.0,3334,Kunnathunad,True
9,Kerala,252,Central Kerala,Ernakulam,906.0,3335,Muvattupuzha,True
9,Kerala,252,Central Kerala,Ernakulam,906.0,3336,Paravur,True
9,Kerala,252,Central Kerala,Palakkad,908.0,3337,Alathur,True
9,Kerala,252,Central Kerala,Palakkad,908.0,3338,Chittur,True
9,Kerala,252,Central Kerala,Palakkad,908.0,3339,Mannarkad,True
9,Kerala,252,Central Kerala,Palakkad,908.0,3340,Ottappalam,True
9,Kerala,252,Central Kerala,Palakkad,908.0,3341,Palakkad,True
9,Kerala,252,Central Kerala,Thrissur,907.0,3342,Chavakkad,True
9,Kerala,252,Central Kerala,Thrissur,907.0,3343,Kodungallur,True
9,Kerala,252,Central Kerala,Thrissur,907.0,3344,Mukundapuram,True
9,Kerala,252,Central Kerala,Thrissur,907.0,3345,Talappilly,True
9,Kerala,252,Central Kerala,Thrissur,907.0,3346,Thrissur,True
9,Kerala,253,North Kerala,Kannur,912.0,3347,Kannur,True
9,Kerala,253,North Kerala,Kannur,912.0,3348,Taliparamba,True
9,Kerala,253,North Kerala,Kannur,912.0,3349,Thalassery,True
9,Kerala,253,North Kerala,Kasaragod,914.0,3350,Hosdurg,True
9,Kerala,253,North Kerala,Kasaragod,914.0,3351,Kasaragod,True
9,Kerala,253,North Kerala,Kozhikode,910.0,3352,Kozhikode,True
9,Kerala,253,North Kerala,Kozhikode,910.0,3353,Quilandy,True
9,Kerala,253,North Kerala,Kozhikode,910.0,3354,Vadakara,True
9,Kerala,253,North Kerala,Malappuram,909.0,3355,Ernad,True
9,Kerala,253,North Kerala,Malappuram,909.0,3356,Nilambur,True
9,Kerala,253,North Kerala,Malappuram,909.0,3357,Perinthalmanna,True
9,Kerala,253,North Kerala,Malappuram,909.0,3358,Ponnani,True
9,Kerala,253,North Kerala,Malappuram,909.0,3359,Tirur,True
9,Kerala,253,North Kerala,Malappuram,909.0,3360,Tirurangadi,True
9,Kerala,253,North Kerala,Wayanad,911.0,3361,Mananthavady,True
9,Kerala,253,North Kerala,Wayanad,911.0,3362,Sulthanbathery,True
9,Kerala,253,North Kerala,Wayanad,911.0,3363,Vythiri,True
9,Kerala,254,South Kerala,Alappuzha,903.0,3364,Ambalappuzha,True
9,Kerala,254,South Kerala,Alappuzha,903.0,3365,Chengannur,True
9,Kerala,254,South Kerala,Alappuzha,903.0,3366,Cherthala,True
9,Kerala,254,South Kerala,Alappuzha,903.0,3367,Karthikappally,True
9,Kerala,254,South Kerala,Alappuzha,903.0,3368,Kuttanad,True
9,Kerala,254,South Kerala,Alappuzha,903.0,3369,Mavelikkara,True
9,Kerala,254,South Kerala,Idukki,905.0,3370,Devikulam,True
9,Kerala,254,South Kerala,Idukki,905.0,3371,Peerumade,True
9,Kerala,254,South Kerala,Idukki,905.0,3372,Thodupuzha,True
9,Kerala,254,South Kerala,Idukki,905.0,3373,Udumbanchola,True
9,Kerala,254,South Kerala,Kollam,915.0,3374,Karunagappally,True
9,Kerala,254,South Kerala,Kollam,915.0,3375,Kollam,True
9,Kerala,254,South Kerala,Kollam,915.0,3376,Kottarakkara,True
9,Kerala,254,South Kerala,Kollam,915.0,3377,Kunnathur,True
9,Kerala,254,South Kerala,Kollam,915.0,3378,Pathanapuram,True
9,Kerala,254,South Kerala,Kottayam,904.0,3379,Changanassery,True
9,Kerala,254,South Kerala,Kottayam,904.0,3380,Kanjirappally,True
9,Kerala,254,South Kerala,Kottayam,904.0,3381,Kottayam,True
9,Kerala,254,South Kerala,Kottayam,904.0,3382,Meenachil,True
9,Kerala,254,South Kerala,Kottayam,904.0,3383,Vaikom,True
9,Kerala,254,South Kerala,Pathanamthitta,913.0,3384,Adoor,True
9,Kerala,254,South Kerala,Pathanamthitta,913.0,3385,Kozhenchery,True
9,Kerala,254,South Kerala,Pathanamthitta,913.0,3386,Mallappally,True
9,Kerala,254,South Kerala,Pathanamthitta,913.0,3387,Ranni,True
9,Kerala,254,South Kerala,Pathanamthitta,913.0,3388,Thiruvalla,True
9,Kerala,254,South Kerala,Thiruvananthapuram,901.0,3389,Chirayinkeezhu,True
9,Kerala,254,South Kerala,Thiruvananthapuram,901.0,3390,Nedumangad,True
9,Kerala,254,South Kerala,Thiruvananthapuram,901.0,3391,Neyyattinkara,True
9,Kerala,254,South Kerala,Thiruvananthapuram,901.0,3392,Thiruvananthapuram,True
12,Manipur,255,Inner Manipur (Imphal),Bishnupur,1207.0,3393,Bishnupur Block,True
12,Manipur,255,Inner Manipur (Imphal),Bishnupur,1207.0,3394,Moirang,True
12,Manipur,255,Inner Manipur (Imphal),Imphal-East,1208.0,3395,Imphal East – 1,True
12,Manipur,255,Inner Manipur (Imphal),Imphal-East,1208.0,3396,Imphal East – 2,True
12,Manipur,255,Inner Manipur (Imphal),Imphal-East,1208.0,3397,Imphal East District HQ,True
12,Manipur,255,Inner Manipur (Imphal),Imphal-East,1208.0,3398,Jiribam,True
12,Manipur,255,Inner Manipur (Imphal),Imphal-West,1209.0,3399,Imphal West – 1,True
12,Manipur,255,Inner Manipur (Imphal),Imphal-West,1209.0,3400,Imphal West – 2,True
12,Manipur,255,Inner Manipur (Imphal),Imphal-West,1209.0,3401,Imphal West District HQ,True
12,Manipur,255,Inner Manipur (Imphal),Kakching,1211.0,3402,Kakching,True
12,Manipur,255,Inner Manipur (Imphal),Kakching,1211.0,3403,Langmeidong,True
12,Manipur,255,Inner Manipur (Imphal),Thoubal,1206.0,3404,Kakching,True
12,Manipur,255,Inner Manipur (Imphal),Thoubal,1206.0,3405,Thoubal,True
12,Manipur,256,North Manipur (Ukhrul),Kamjong,1212.0,3406,Kamjong,True
12,Manipur,256,North Manipur (Ukhrul),Kamjong,1212.0,3407,Kasom Khullen,True
12,Manipur,256,North Manipur (Ukhrul),Kamjong,1212.0,3408,Phungyar,True
12,Manipur,256,North Manipur (Ukhrul),Kamjong,1212.0,3409,Sahamphung Td Block,True
12,Manipur,256,North Manipur (Ukhrul),Kangpokpi,1213.0,3410,Bungte Chiru,True
12,Manipur,256,North Manipur (Ukhrul),Kangpokpi,1213.0,3411,Champhai,True
12,Manipur,256,North Manipur (Ukhrul),Kangpokpi,1213.0,3412,Island,True
12,Manipur,256,North Manipur (Ukhrul),Kangpokpi,1213.0,3413,Kangchup Geljang,True
12,Manipur,256,North Manipur (Ukhrul),Kangpokpi,1213.0,3414,Kangpokpi,True
12,Manipur,256,North Manipur (Ukhrul),Kangpokpi,1213.0,3415,Lhungtin,True
12,Manipur,256,North Manipur (Ukhrul),Kangpokpi,1213.0,3416,Saikul,True
12,Manipur,256,North Manipur (Ukhrul),Kangpokpi,1213.0,3417,Saitu Gamphazol,True
12,Manipur,256,North Manipur (Ukhrul),Kangpokpi,1213.0,3418,T Vaichong,True
12,Manipur,256,North Manipur (Ukhrul),Senapati,1201.0,3419,Kangpokpi,True
12,Manipur,256,North Manipur (Ukhrul),Senapati,1201.0,3420,Mao-Maram,True
12,Manipur,256,North Manipur (Ukhrul),Senapati,1201.0,3421,Paomata,True
12,Manipur,256,North Manipur (Ukhrul),Senapati,1201.0,3422,Purul,True
12,Manipur,256,North Manipur (Ukhrul),Senapati,1201.0,3423,Saikul,True
12,Manipur,256,North Manipur (Ukhrul),Senapati,1201.0,3424,Senapati Block,True
12,Manipur,256,North Manipur (Ukhrul),Tamenglong,1202.0,3425,Nungba,True
12,Manipur,256,North Manipur (Ukhrul),Tamenglong,1202.0,3426,Tamei,True
12,Manipur,256,North Manipur (Ukhrul),Tamenglong,1202.0,3427,Tamenglong Block,True
12,Manipur,256,North Manipur (Ukhrul),Tamenglong,1202.0,3428,Tousem,True
12,Manipur,256,North Manipur (Ukhrul),Ukhrul,1205.0,3429,Chingai,True
12,Manipur,256,North Manipur (Ukhrul),Ukhrul,1205.0,3430,Kamjong,True
12,Manipur,256,North Manipur (Ukhrul),Ukhrul,1205.0,3431,Kasom-Khullen,True
12,Manipur,256,North Manipur (Ukhrul),Ukhrul,1205.0,3432,Phungyar,True
12,Manipur,256,North Manipur (Ukhrul),Ukhrul,1205.0,3433,Ukhrul Block,True
12,Manipur,257,South Manipur (Churachandpur),Chandel,1204.0,3434,Chandel Block,True
12,Manipur,257,South Manipur (Churachandpur),Chandel,1204.0,3435,Machi,True
12,Manipur,257,South Manipur (Churachandpur),Chandel,1204.0,3436,Tengnoupal,True
12,Manipur,257,South Manipur (Churachandpur),Churachandpur,1203.0,3437,Churachandpur Block,True
12,Manipur,257,South Manipur (Churachandpur),Churachandpur,1203.0,3438,Henglep,True
12,Manipur,257,South Manipur (Churachandpur),Churachandpur,1203.0,3439,Shamulamlan,True
12,Manipur,257,South Manipur (Churachandpur),Churachandpur,1203.0,3440,Singhat,True
12,Manipur,257,South Manipur (Churachandpur),Jiribam,1210.0,3441,Jiribam C D Block,True
12,Manipur,257,South Manipur (Churachandpur),Noney,1214.0,3442,Haochong,True
12,Manipur,257,South Manipur (Churachandpur),Noney,1214.0,3443,Khoupum,True
12,Manipur,257,South Manipur (Churachandpur),Noney,1214.0,3444,Longmai,True
12,Manipur,257,South Manipur (Churachandpur),Noney,1214.0,3445,Nungba,True
12,Manipur,257,South Manipur (Churachandpur),Pherzawl,1215.0,3446,Thanlon,True
12,Manipur,257,South Manipur (Churachandpur),Pherzawl,1215.0,3447,Tipaimukh,True
12,Manipur,257,South Manipur (Churachandpur),Pherzawl,1215.0,3448,Vangai Range,True
12,Manipur,257,South Manipur (Churachandpur),Tengnoupal,1216.0,3449,Machi,True
12,Manipur,257,South Manipur (Churachandpur),Tengnoupal,1216.0,3450,Moreh,True
12,Manipur,257,South Manipur (Churachandpur),Tengnoupal,1216.0,3451,Tengnoupal,True
13,Meghalaya,258,Garo Hills,East Garo Hills,1305.0,3452,Dambo,True
13,Meghalaya,258,Garo Hills,East Garo Hills,1305.0,3453,Samanda,True
13,Meghalaya,258,Garo Hills,East Garo Hills,1305.0,3454,Songsak,True
13,Meghalaya,258,Garo Hills,North Garo Hills,1309.0,3455,Bajengdoba,True
13,Meghalaya,258,Garo Hills,North Garo Hills,1309.0,3456,Bajengdoba,True
13,Meghalaya,258,Garo Hills,North Garo Hills,1309.0,3457,Kharkutta,True
13,Meghalaya,258,Garo Hills,South Garo Hills,1307.0,3460,Baghmara,True
13,Meghalaya,258,Garo Hills,South Garo Hills,1307.0,3461,Chokpot,True
13,Meghalaya,258,Garo Hills,South Garo Hills,1307.0,3462,Gasuapara,True
13,Meghalaya,258,Garo Hills,South Garo Hills,1307.0,3463,Ronggara,True
13,Meghalaya,258,Garo Hills,South West Garo Hills,1310.0,3464,Betasing,True
13,Meghalaya,258,Garo Hills,South West Garo Hills,1310.0,3465,Damalgre,True
13,Meghalaya,258,Garo Hills,South West Garo Hills,1310.0,3466,Zikzak,True
13,Meghalaya,258,Garo Hills,West Garo Hills,1306.0,3467,Dadenggre,True
13,Meghalaya,258,Garo Hills,West Garo Hills,1306.0,3468,Dalu,True
13,Meghalaya,258,Garo Hills,West Garo Hills,1306.0,3469,Demdema,True
13,Meghalaya,258,Garo Hills,West Garo Hills,1306.0,3470,Gambegre,True
13,Meghalaya,258,Garo Hills,West Garo Hills,1306.0,3471,Rongram,True
13,Meghalaya,258,Garo Hills,West Garo Hills,1306.0,3472,Selsella,True
13,Meghalaya,258,Garo Hills,West Garo Hills,1306.0,3473,Tikrikilla,True
13,Meghalaya,259,Jaintia Hills,East Jaintia Hills,1304.0,3474,Khliehriat,True
13,Meghalaya,259,Jaintia Hills,East Jaintia Hills,1304.0,3475,Saipung,True
13,Meghalaya,259,Jaintia Hills,West Jaintia Hills,1308.0,3476,Amlarem,True
13,Meghalaya,259,Jaintia Hills,West Jaintia Hills,1308.0,3477,Jowai(Urban),True
13,Meghalaya,259,Jaintia Hills,West Jaintia Hills,1308.0,3478,Laskein,True
13,Meghalaya,259,Jaintia Hills,West Jaintia Hills,1308.0,3479,Thadlaskein,True
13,Meghalaya,260,Khasi Hills,East Khasi Hills,1302.0,3480,Laitkroh Khatarshnong,True
13,Meghalaya,260,Khasi Hills,East Khasi Hills,1302.0,3481,Mawkynrew,True
13,Meghalaya,260,Khasi Hills,East Khasi Hills,1302.0,3482,Mawlai,True
13,Meghalaya,260,Khasi Hills,East Khasi Hills,1302.0,3483,Mawpat,True
13,Meghalaya,260,Khasi Hills,East Khasi Hills,1302.0,3484,Mawphlang,True
13,Meghalaya,260,Khasi Hills,East Khasi Hills,1302.0,3485,Mawryngkneng,True
13,Meghalaya,260,Khasi Hills,East Khasi Hills,1302.0,3486,Mawsynram,True
13,Meghalaya,260,Khasi Hills,East Khasi Hills,1302.0,3487,Mylliem,True
13,Meghalaya,260,Khasi Hills,East Khasi Hills,1302.0,3488,Pynursla,True
13,Meghalaya,260,Khasi Hills,East Khasi Hills,1302.0,3489,Shella-Bholaganj,True
13,Meghalaya,260,Khasi Hills,East Khasi Hills,1302.0,3490,Sohiong,True
13,Meghalaya,260,Khasi Hills,Eastern West Khasi Hills,1302.0,3491,Mairang,True
13,Meghalaya,260,Khasi Hills,Eastern West Khasi Hills,1302.0,3492,Mawthadraishan,True
13,Meghalaya,260,Khasi Hills,Ri Bhoi,1301.0,3493,Bhoirymbong,True
13,Meghalaya,260,Khasi Hills,Ri Bhoi,1301.0,3494,Jirang,True
13,Meghalaya,260,Khasi Hills,Ri Bhoi,1301.0,3495,Umling,True
13,Meghalaya,260,Khasi Hills,Ri Bhoi,1301.0,3496,Umsning,True
13,Meghalaya,260,Khasi Hills,South West Khasi Hills,1311.0,3497,Mawkyrwat,True
13,Meghalaya,260,Khasi Hills,South West Khasi Hills,1311.0,3498,Ranikor,True
13,Meghalaya,260,Khasi Hills,West Khasi Hills,1303.0,3499,Mawshynrut,True
13,Meghalaya,260,Khasi Hills,West Khasi Hills,1303.0,3500,Nongstoin,True
38,Mizoram,261,East Mizoram,Champhai,3805.0,3501,Champhai,True
38,Mizoram,261,East Mizoram,Champhai,3805.0,3502,Khawbung,True
38,Mizoram,261,East Mizoram,Serchhip,3807.0,3504,East Lungdar,True
38,Mizoram,261,East Mizoram,Serchhip,3807.0,3505,Serchhip,True
38,Mizoram,262,North Mizoram,Aizawl,3801.0,3506,Aibawk,True
38,Mizoram,262,North Mizoram,Aizawl,3801.0,3507,Darlawn,True
38,Mizoram,262,North Mizoram,Aizawl,3801.0,3508,Thingsulthliah,True
38,Mizoram,262,North Mizoram,Aizawl,3801.0,3509,Tlangnuam,True
38,Mizoram,262,North Mizoram,Mamit,3808.0,3512,Reiek,True
38,Mizoram,262,North Mizoram,Mamit,3808.0,3513,West Phaileng,True
38,Mizoram,262,North Mizoram,Mamit,3808.0,3514,Zawlnuam,True
38,Mizoram,263,South Mizoram,Lawngtlai,3802.0,3518,Bungtlang ‘S’,True
38,Mizoram,263,South Mizoram,Lawngtlai,3802.0,3519,Chawngte,True
38,Mizoram,263,South Mizoram,Lawngtlai,3802.0,3520,Lawngtlai,True
38,Mizoram,263,South Mizoram,Lawngtlai,3802.0,3521,Sangau,True
38,Mizoram,263,South Mizoram,Lunglei,3804.0,3522,Bunghmun,True
38,Mizoram,263,South Mizoram,Lunglei,3804.0,3523,Lunglei,True
38,Mizoram,263,South Mizoram,Lunglei,3804.0,3524,Lungsen,True
38,Mizoram,263,South Mizoram,Siaha,3806.0,3525,Siaha,True
38,Mizoram,263,South Mizoram,Siaha,3806.0,3526,Tipa,True
14,Nagaland,264,Nagaland,Dimapur,1408.0,3527,Aghunaqa,True
14,Nagaland,264,Nagaland,Dimapur,1408.0,3528,Chumukedima,True
14,Nagaland,264,Nagaland,Dimapur,1408.0,3529,Dhansiripar,True
14,Nagaland,264,Nagaland,Dimapur,1408.0,3530,Kuhuboto,True
14,Nagaland,264,Nagaland,Dimapur,1408.0,3531,Medziphema,True
14,Nagaland,264,Nagaland,Dimapur,1408.0,3532,Niuland,True
14,Nagaland,264,Nagaland,Kiphire,1409.0,3533,Khonsa,True
14,Nagaland,264,Nagaland,Kiphire,1409.0,3534,Kiphire,True
14,Nagaland,264,Nagaland,Kiphire,1409.0,3535,Longmatra,True
14,Nagaland,264,Nagaland,Kiphire,1409.0,3536,Pungro,True
14,Nagaland,264,Nagaland,Kiphire,1409.0,3537,Sitimi,True
14,Nagaland,264,Nagaland,Kohima,1401.0,3538,Botsa,True
14,Nagaland,264,Nagaland,Kohima,1401.0,3539,Chiephobozou,True
14,Nagaland,264,Nagaland,Kohima,1401.0,3540,Chunlikha,True
14,Nagaland,264,Nagaland,Kohima,1401.0,3541,Jakhama,True
14,Nagaland,264,Nagaland,Kohima,1401.0,3542,Kohima,True
14,Nagaland,264,Nagaland,Kohima,1401.0,3543,Sechu Zubza,True
14,Nagaland,264,Nagaland,Kohima,1401.0,3544,Tseminyu,True
14,Nagaland,264,Nagaland,Longleng,1410.0,3545,Longleng,True
14,Nagaland,264,Nagaland,Longleng,1410.0,3546,Sakshi,True
14,Nagaland,264,Nagaland,Longleng,1410.0,3547,Tamlu,True
14,Nagaland,264,Nagaland,Mokokchung,1403.0,3548,Changtongya,True
14,Nagaland,264,Nagaland,Mokokchung,1403.0,3549,Chuchuyimlang,True
14,Nagaland,264,Nagaland,Mokokchung,1403.0,3550,Kubolong,True
14,Nagaland,264,Nagaland,Mokokchung,1403.0,3551,Longchem,True
14,Nagaland,264,Nagaland,Mokokchung,1403.0,3552,Mangkolemba,True
14,Nagaland,264,Nagaland,Mokokchung,1403.0,3553,Ongpangkong(north),True
14,Nagaland,264,Nagaland,Mokokchung,1403.0,3554,Ongpangkong(south),True
14,Nagaland,264,Nagaland,Mokokchung,1403.0,3555,Tsurangkong,True
14,Nagaland,264,Nagaland,Mokokchung,1403.0,3556,Tuli,True
14,Nagaland,264,Nagaland,Mon,1402.0,3557,Aboi,True
14,Nagaland,264,Nagaland,Mon,1402.0,3558,Angjangyang,True
14,Nagaland,264,Nagaland,Mon,1402.0,3559,Chen,True
14,Nagaland,264,Nagaland,Mon,1402.0,3560,Mon,True
14,Nagaland,264,Nagaland,Mon,1402.0,3561,Phomching,True
14,Nagaland,264,Nagaland,Mon,1402.0,3562,Tizit,True
14,Nagaland,264,Nagaland,Mon,1402.0,3563,Tobu,True
14,Nagaland,264,Nagaland,Mon,1402.0,3564,Wakching,True
14,Nagaland,264,Nagaland,Peren,1411.0,3565,Athibung,True
14,Nagaland,264,Nagaland,Peren,1411.0,3566,Jalukie,True
14,Nagaland,264,Nagaland,Peren,1411.0,3567,Peren,True
14,Nagaland,264,Nagaland,Peren,1411.0,3568,Tenning,True
14,Nagaland,264,Nagaland,Phek,1404.0,3569,Chetheba,True
14,Nagaland,264,Nagaland,Phek,1404.0,3570,Chizami,True
14,Nagaland,264,Nagaland,Phek,1404.0,3571,Kikruma,True
14,Nagaland,264,Nagaland,Phek,1404.0,3572,Meluri,True
14,Nagaland,264,Nagaland,Phek,1404.0,3573,Pfutsero,True
14,Nagaland,264,Nagaland,Phek,1404.0,3574,Phek,True
14,Nagaland,264,Nagaland,Phek,1404.0,3575,Sekruzu,True
14,Nagaland,264,Nagaland,Phek,1404.0,3576,Weziho,True
14,Nagaland,264,Nagaland,Tuensang,1405.0,3577,Chare,True
14,Nagaland,264,Nagaland,Tuensang,1405.0,3578,Chessore,True
14,Nagaland,264,Nagaland,Tuensang,1405.0,3579,Longkhim,True
14,Nagaland,264,Nagaland,Tuensang,1405.0,3580,Noklak,True
14,Nagaland,264,Nagaland,Tuensang,1405.0,3581,Noksen,True
14,Nagaland,264,Nagaland,Tuensang,1405.0,3582,Panso,True
14,Nagaland,264,Nagaland,Tuensang,1405.0,3583,Sangsangyu,True
14,Nagaland,264,Nagaland,Tuensang,1405.0,3584,Shamator,True
14,Nagaland,264,Nagaland,Tuensang,1405.0,3585,Thonoknyu,True
14,Nagaland,264,Nagaland,Wokha,1406.0,3586,Bhandari,True
14,Nagaland,264,Nagaland,Wokha,1406.0,3587,Changpang,True
14,Nagaland,264,Nagaland,Wokha,1406.0,3588,Chukitong,True
14,Nagaland,264,Nagaland,Wokha,1406.0,3589,Ralan,True
14,Nagaland,264,Nagaland,Wokha,1406.0,3590,Sanis,True
14,Nagaland,264,Nagaland,Wokha,1406.0,3591,Wokha,True
14,Nagaland,264,Nagaland,Wokha,1406.0,3592,Wozhuro-ralan,True
14,Nagaland,264,Nagaland,Zunheboto,1407.0,3593,Akuhaito,True
14,Nagaland,264,Nagaland,Zunheboto,1407.0,3594,Akuluto,True
14,Nagaland,264,Nagaland,Zunheboto,1407.0,3595,Ghathashi,True
14,Nagaland,264,Nagaland,Zunheboto,1407.0,3596,Satakha,True
14,Nagaland,264,Nagaland,Zunheboto,1407.0,3597,Satoi,True
14,Nagaland,264,Nagaland,Zunheboto,1407.0,3598,Suruhoto,True
14,Nagaland,264,Nagaland,Zunheboto,1407.0,3599,Tokiye,True
14,Nagaland,264,Nagaland,Zunheboto,1407.0,3600,Zunheboto,True
15,Odisha,265,Central,Balasore,1501.0,3601,Bahanaga,True
15,Odisha,265,Central,Balasore,1501.0,3602,Balasore,True
15,Odisha,265,Central,Balasore,1501.0,3603,Baliapal,True
15,Odisha,265,Central,Balasore,1501.0,3604,Basta,True
15,Odisha,265,Central,Balasore,1501.0,3605,Bhograi,True
15,Odisha,265,Central,Balasore,1501.0,3606,Jaleswar,True
15,Odisha,265,Central,Balasore,1501.0,3607,Khaira,True
15,Odisha,265,Central,Balasore,1501.0,3608,Nilgiri,True
15,Odisha,265,Central,Balasore,1501.0,3609,Oupada,True
15,Odisha,265,Central,Balasore,1501.0,3610,Remuna,True
15,Odisha,265,Central,Balasore,1501.0,3611,Simulia,True
15,Odisha,265,Central,Balasore,1501.0,3612,Soro,True
15,Odisha,265,Central,Bhadrak,1514.0,3613,Basudevpur,True
15,Odisha,265,Central,Bhadrak,1514.0,3614,Bhadrak,True
15,Odisha,265,Central,Bhadrak,1514.0,3615,Bhandari pokhari,True
15,Odisha,265,Central,Bhadrak,1514.0,3616,Bonth,True
15,Odisha,265,Central,Bhadrak,1514.0,3617,Chandabali,True
15,Odisha,265,Central,Bhadrak,1514.0,3618,Dhamnagar,True
15,Odisha,265,Central,Bhadrak,1514.0,3619,Tihidi,True
15,Odisha,265,Central,Cuttack,1503.0,3620,Athgarh,True
15,Odisha,265,Central,Cuttack,1503.0,3621,Banki,True
15,Odisha,265,Central,Cuttack,1503.0,3622,Baramba,True
15,Odisha,265,Central,Cuttack,1503.0,3623,Baranga,True
15,Odisha,265,Central,Cuttack,1503.0,3624,Cuttack Sadar,True
15,Odisha,265,Central,Cuttack,1503.0,3625,Dampara,True
15,Odisha,265,Central,Cuttack,1503.0,3626,Kantapada,True
15,Odisha,265,Central,Cuttack,1503.0,3627,Mahanga,True
15,Odisha,265,Central,Cuttack,1503.0,3628,Narasinghpur,True
15,Odisha,265,Central,Cuttack,1503.0,3629,Niali,True
15,Odisha,265,Central,Cuttack,1503.0,3630,Nischintakoili,True
15,Odisha,265,Central,Cuttack,1503.0,3631,Salipur,True
15,Odisha,265,Central,Cuttack,1503.0,3632,Tangi -Chowdwar,True
15,Odisha,265,Central,Cuttack,1503.0,3633,Tigiria,True
15,Odisha,265,Central,Jagatsinghpur,1516.0,3634,Balikuda,True
15,Odisha,265,Central,Jagatsinghpur,1516.0,3635,Biridi-F,True
15,Odisha,265,Central,Jagatsinghpur,1516.0,3636,Erasma,True
15,Odisha,265,Central,Jagatsinghpur,1516.0,3637,Jagatsinghpur,True
15,Odisha,265,Central,Jagatsinghpur,1516.0,3638,Kujang,True
15,Odisha,265,Central,Jagatsinghpur,1516.0,3639,Nuagaon,True
15,Odisha,265,Central,Jagatsinghpur,1516.0,3640,Raghunathpur,True
15,Odisha,265,Central,Jagatsinghpur,1516.0,3641,Tirtol,True
15,Odisha,265,Central,Jajpur,1517.0,3642,Badachana,True
15,Odisha,265,Central,Jajpur,1517.0,3643,Bari,True
15,Odisha,265,Central,Jajpur,1517.0,3644,Binjharpur,True
15,Odisha,265,Central,Jajpur,1517.0,3645,Dangadi,True
15,Odisha,265,Central,Jajpur,1517.0,3646,Dasarathpur,True
15,Odisha,265,Central,Jajpur,1517.0,3647,Dharmasala,True
15,Odisha,265,Central,Jajpur,1517.0,3648,Jajpur,True
15,Odisha,265,Central,Jajpur,1517.0,3649,Korei,True
15,Odisha,265,Central,Jajpur,1517.0,3650,Rasulpur,True
15,Odisha,265,Central,Jajpur,1517.0,3651,Sukinda,True
15,Odisha,265,Central,Kendrapara,1518.0,3652,Aul,True
15,Odisha,265,Central,Kendrapara,1518.0,3653,Derabis,True
15,Odisha,265,Central,Kendrapara,1518.0,3654,Garadpur,True
15,Odisha,265,Central,Kendrapara,1518.0,3655,Kendrapara,True
15,Odisha,265,Central,Kendrapara,1518.0,3656,Mahakalapada,True
15,Odisha,265,Central,Kendrapara,1518.0,3657,Marsaghai,True
15,Odisha,265,Central,Kendrapara,1518.0,3658,Pattamundai,True
15,Odisha,265,Central,Kendrapara,1518.0,3659,Rajkanika,True
15,Odisha,265,Central,Kendrapara,1518.0,3660,Rajnagar,True
15,Odisha,265,Central,Khordha,1526.0,3661,Balianta,True
15,Odisha,265,Central,Khordha,1526.0,3662,Balipatna,True
15,Odisha,265,Central,Khordha,1526.0,3663,Banpur,True
15,Odisha,265,Central,Khordha,1526.0,3664,Begunia,True
15,Odisha,265,Central,Khordha,1526.0,3665,Bhubaneswar,True
15,Odisha,265,Central,Khordha,1526.0,3666,Bolgarh,True
15,Odisha,265,Central,Khordha,1526.0,3667,Chilika,True
15,Odisha,265,Central,Khordha,1526.0,3668,Jatni,True
15,Odisha,265,Central,Khordha,1526.0,3669,Khurda,True
15,Odisha,265,Central,Khordha,1526.0,3670,Tangi,True
15,Odisha,265,Central,Mayurbhanj,1509.0,3671,Bahalda,True
15,Odisha,265,Central,Mayurbhanj,1509.0,3672,Bangiriposi,True
15,Odisha,265,Central,Mayurbhanj,1509.0,3673,Baripada,True
15,Odisha,265,Central,Mayurbhanj,1509.0,3674,Betnati,True
15,Odisha,265,Central,Mayurbhanj,1509.0,3675,Bijatala,True
15,Odisha,265,Central,Mayurbhanj,1509.0,3676,Bisoi,True
15,Odisha,265,Central,Mayurbhanj,1509.0,3677,Bodasahi,True
15,Odisha,265,Central,Mayurbhanj,1509.0,3678,Gopabandhunagar,True
15,Odisha,265,Central,Mayurbhanj,1509.0,3679,Jamda,True
15,Odisha,265,Central,Mayurbhanj,1509.0,3680,Jasipur,True
15,Odisha,265,Central,Mayurbhanj,1509.0,3681,Kaptipada,True
15,Odisha,265,Central,Mayurbhanj,1509.0,3682,Karanjia,True
15,Odisha,265,Central,Mayurbhanj,1509.0,3683,Khunta,True
15,Odisha,265,Central,Mayurbhanj,1509.0,3684,Kuliana,True
15,Odisha,265,Central,Mayurbhanj,1509.0,3685,Kusumi,True
15,Odisha,265,Central,Mayurbhanj,1509.0,3686,Morada,True
15,Odisha,265,Central,Mayurbhanj,1509.0,3687,Rairangpur,True
15,Odisha,265,Central,Mayurbhanj,1509.0,3688,Raruan,True
15,Odisha,265,Central,Mayurbhanj,1509.0,3689,Rasgovindpur,True
15,Odisha,265,Central,Mayurbhanj,1509.0,3690,Samakhunta,True
15,Odisha,265,Central,Mayurbhanj,1509.0,3691,Sarasakana,True
15,Odisha,265,Central,Mayurbhanj,1509.0,3692,Sukruli,True
15,Odisha,265,Central,Mayurbhanj,1509.0,3693,Suliapada,True
15,Odisha,265,Central,Mayurbhanj,1509.0,3694,Thakurmunda,True
15,Odisha,265,Central,Mayurbhanj,1509.0,3695,Tiring,True
15,Odisha,265,Central,Mayurbhanj,1509.0,3696,Udala,True
15,Odisha,265,Central,Nayagarh,1527.0,3697,Bhapur,True
15,Odisha,265,Central,Nayagarh,1527.0,3698,Daspalla,True
15,Odisha,265,Central,Nayagarh,1527.0,3699,Gania,True
15,Odisha,265,Central,Nayagarh,1527.0,3700,Khandapada,True
15,Odisha,265,Central,Nayagarh,1527.0,3701,Nayagarh,True
15,Odisha,265,Central,Nayagarh,1527.0,3702,Nuagaon,True
15,Odisha,265,Central,Nayagarh,1527.0,3703,Odagaon,True
15,Odisha,265,Central,Nayagarh,1527.0,3704,Ranpur,True
15,Odisha,265,Central,Puri,1511.0,3705,Astarang,True
15,Odisha,265,Central,Puri,1511.0,3706,Brahmagiri,True
15,Odisha,265,Central,Puri,1511.0,3707,Delang,True
15,Odisha,265,Central,Puri,1511.0,3708,Gop,True
15,Odisha,265,Central,Puri,1511.0,3709,Kakatpur,True
15,Odisha,265,Central,Puri,1511.0,3710,Kanas,True
15,Odisha,265,Central,Puri,1511.0,3711,Krushna- prasad,True
15,Odisha,265,Central,Puri,1511.0,3712,Nimapara,True
15,Odisha,265,Central,Puri,1511.0,3713,Pipili,True
15,Odisha,265,Central,Puri,1511.0,3714,Sadar,True
15,Odisha,265,Central,Puri,1511.0,3715,Satyabadi,True
15,Odisha,266,Northern,Angul,1519.0,3716,Angul,True
15,Odisha,266,Northern,Angul,1519.0,3717,Athmallik,True
15,Odisha,266,Northern,Angul,1519.0,3718,Banarpal,True
15,Odisha,266,Northern,Angul,1519.0,3719,Chhendipada,True
15,Odisha,266,Northern,Angul,1519.0,3720,Kaniha,True
15,Odisha,266,Northern,Angul,1519.0,3721,Kishorenagar,True
15,Odisha,266,Northern,Angul,1519.0,3722,Pallahara,True
15,Odisha,266,Northern,Angul,1519.0,3723,Talcher,True
15,Odisha,266,Northern,Balangir,1502.0,3724,Agalpur,True
15,Odisha,266,Northern,Balangir,1502.0,3725,Balangir,True
15,Odisha,266,Northern,Balangir,1502.0,3726,Belpara,True
15,Odisha,266,Northern,Balangir,1502.0,3727,Bongamunda,True
15,Odisha,266,Northern,Balangir,1502.0,3728,Deogaon,True
15,Odisha,266,Northern,Balangir,1502.0,3729,Gudvella,True
15,Odisha,266,Northern,Balangir,1502.0,3730,Khaparakhol,True
15,Odisha,266,Northern,Balangir,1502.0,3731,Loisinga,True
15,Odisha,266,Northern,Balangir,1502.0,3732,Muribahal,True
15,Odisha,266,Northern,Balangir,1502.0,3733,Patnagarh,True
15,Odisha,266,Northern,Balangir,1502.0,3734,Puintala,True
15,Odisha,266,Northern,Balangir,1502.0,3735,Saintala,True
15,Odisha,266,Northern,Balangir,1502.0,3736,Titilagarh,True
15,Odisha,266,Northern,Balangir,1502.0,3737,Tureikela,True
15,Odisha,266,Northern,Bargarh,1528.0,3738,Ambabhana,True
15,Odisha,266,Northern,Bargarh,1528.0,3739,Attabira,True
15,Odisha,266,Northern,Bargarh,1528.0,3740,Bargarh,True
15,Odisha,266,Northern,Bargarh,1528.0,3741,Barpalli,True
15,Odisha,266,Northern,Bargarh,1528.0,3742,Bhatli,True
15,Odisha,266,Northern,Bargarh,1528.0,3743,Bheden,True
15,Odisha,266,Northern,Bargarh,1528.0,3744,Bijepur,True
15,Odisha,266,Northern,Bargarh,1528.0,3745,Gaisilet,True
15,Odisha,266,Northern,Bargarh,1528.0,3746,Jharabandha,True
15,Odisha,266,Northern,Bargarh,1528.0,3747,Paikmal,True
15,Odisha,266,Northern,Bargarh,1528.0,3748,Rajborasambar,True
15,Odisha,266,Northern,Bargarh,1528.0,3749,Sohela,True
15,Odisha,266,Northern,Deogarh,1529.0,3750,Barkote,True
15,Odisha,266,Northern,Deogarh,1529.0,3751,Riamal,True
15,Odisha,266,Northern,Deogarh,1529.0,3752,Tileibani,True
15,Odisha,266,Northern,Dhenkanal,1504.0,3753,Bhuban,True
15,Odisha,266,Northern,Dhenkanal,1504.0,3754,Gondia,True
15,Odisha,266,Northern,Dhenkanal,1504.0,3755,Hindol,True
15,Odisha,266,Northern,Dhenkanal,1504.0,3756,Kamakhyanagar,True
15,Odisha,266,Northern,Dhenkanal,1504.0,3757,Kankadahad,True
15,Odisha,266,Northern,Dhenkanal,1504.0,3758,Odapada,True
15,Odisha,266,Northern,Dhenkanal,1504.0,3759,Parjang,True
15,Odisha,266,Northern,Dhenkanal,1504.0,3760,Sadar,True
15,Odisha,266,Northern,Jharsuguda,1530.0,3761,Jharsuguda,True
15,Odisha,266,Northern,Jharsuguda,1530.0,3762,Kirimira,True
15,Odisha,266,Northern,Jharsuguda,1530.0,3763,Kolabira,True
15,Odisha,266,Northern,Jharsuguda,1530.0,3764,Laikera,True
15,Odisha,266,Northern,Jharsuguda,1530.0,3765,Lakhanpur,True
15,Odisha,266,Northern,Keonjhar,1507.0,3766,Anadapur,True
15,Odisha,266,Northern,Keonjhar,1507.0,3767,Banspal,True
15,Odisha,266,Northern,Keonjhar,1507.0,3768,Champua,True
15,Odisha,266,Northern,Keonjhar,1507.0,3769,Ghasipur,True
15,Odisha,266,Northern,Keonjhar,1507.0,3770,Ghatgaon,True
15,Odisha,266,Northern,Keonjhar,1507.0,3771,Harichandanpur,True
15,Odisha,266,Northern,Keonjhar,1507.0,3772,Hatadihi,True
15,Odisha,266,Northern,Keonjhar,1507.0,3773,Jhumpura,True
15,Odisha,266,Northern,Keonjhar,1507.0,3774,Joda,True
15,Odisha,266,Northern,Keonjhar,1507.0,3775,Keonjhargarh,True
15,Odisha,266,Northern,Keonjhar,1507.0,3776,Patna,True
15,Odisha,266,Northern,Keonjhar,1507.0,3777,Saharpada,True
15,Odisha,266,Northern,Keonjhar,1507.0,3778,Telkoi,True
15,Odisha,266,Northern,Sambalpur,1512.0,3779,Bamra,True
15,Odisha,266,Northern,Sambalpur,1512.0,3780,Dhankhanda,True
15,Odisha,266,Northern,Sambalpur,1512.0,3781,Jamankira,True
15,Odisha,266,Northern,Sambalpur,1512.0,3782,Jujumura,True
15,Odisha,266,Northern,Sambalpur,1512.0,3783,Kuchinda,True
15,Odisha,266,Northern,Sambalpur,1512.0,3784,Maneswar,True
15,Odisha,266,Northern,Sambalpur,1512.0,3785,Naktideul,True
15,Odisha,266,Northern,Sambalpur,1512.0,3786,Rairakhol,True
15,Odisha,266,Northern,Sambalpur,1512.0,3787,Rengali,True
15,Odisha,266,Northern,Subarnapur,1515.0,3788,Binika,True
15,Odisha,266,Northern,Subarnapur,1515.0,3789,Biramaharajpur,True
15,Odisha,266,Northern,Subarnapur,1515.0,3790,Dunguripalli,True
15,Odisha,266,Northern,Subarnapur,1515.0,3791,Sonepur,True
15,Odisha,266,Northern,Subarnapur,1515.0,3792,Tarva,True
15,Odisha,266,Northern,Subarnapur,1515.0,3793,Ullunda,True
15,Odisha,266,Northern,Sundargarh,1513.0,3794,Balisankara,True
15,Odisha,266,Northern,Sundargarh,1513.0,3795,Bargaon,True
15,Odisha,266,Northern,Sundargarh,1513.0,3796,Bisra,True
15,Odisha,266,Northern,Sundargarh,1513.0,3797,Bonaigarh,True
15,Odisha,266,Northern,Sundargarh,1513.0,3798,Gurundia,True
15,Odisha,266,Northern,Sundargarh,1513.0,3799,Hemgiri,True
15,Odisha,266,Northern,Sundargarh,1513.0,3800,Koira,True
15,Odisha,266,Northern,Sundargarh,1513.0,3801,Kuarmunda,True
15,Odisha,266,Northern,Sundargarh,1513.0,3802,Kutra,True
15,Odisha,266,Northern,Sundargarh,1513.0,3803,Lafripada,True
15,Odisha,266,Northern,Sundargarh,1513.0,3804,Lahunipada,True
15,Odisha,266,Northern,Sundargarh,1513.0,3805,Lathikata,True
15,Odisha,266,Northern,Sundargarh,1513.0,3806,Nuagaon,True
15,Odisha,266,Northern,Sundargarh,1513.0,3807,Rajgangpur,True
15,Odisha,266,Northern,Sundargarh,1513.0,3808,Subdega,True
15,Odisha,266,Northern,Sundargarh,1513.0,3809,Sundargarh,True
15,Odisha,266,Northern,Sundargarh,1513.0,3810,Tangarpalli,True
15,Odisha,267,Southern,Boudh,1525.0,3811,Boudh,True
15,Odisha,267,Southern,Boudh,1525.0,3812,Harabhanga,True
15,Odisha,267,Southern,Boudh,1525.0,3813,Kantamal,True
15,Odisha,267,Southern,Gajapati,1520.0,3814,Gumma,True
15,Odisha,267,Southern,Gajapati,1520.0,3815,Kasinagar,True
15,Odisha,267,Southern,Gajapati,1520.0,3816,Mohana,True
15,Odisha,267,Southern,Gajapati,1520.0,3817,Nuagad,True
15,Odisha,267,Southern,Gajapati,1520.0,3818,Paralakhemundi,True
15,Odisha,267,Southern,Gajapati,1520.0,3819,R.Udayagiri,True
15,Odisha,267,Southern,Gajapati,1520.0,3820,Rayagada,True
15,Odisha,267,Southern,Ganjam,1505.0,3821,Aska,True
15,Odisha,267,Southern,Ganjam,1505.0,3822,Belguntha,True
15,Odisha,267,Southern,Ganjam,1505.0,3823,Bhanjanagar,True
15,Odisha,267,Southern,Ganjam,1505.0,3824,Buguda,True
15,Odisha,267,Southern,Ganjam,1505.0,3825,Chhatrapur,True
15,Odisha,267,Southern,Ganjam,1505.0,3826,Chikiti,True
15,Odisha,267,Southern,Ganjam,1505.0,3827,Dharakote,True
15,Odisha,267,Southern,Ganjam,1505.0,3828,Digapahandi,True
15,Odisha,267,Southern,Ganjam,1505.0,3829,Ganjam,True
15,Odisha,267,Southern,Ganjam,1505.0,3830,Hinjilicut,True
15,Odisha,267,Southern,Ganjam,1505.0,3831,Jagannathprasad,True
15,Odisha,267,Southern,Ganjam,1505.0,3832,K.S.Nagar,True
15,Odisha,267,Southern,Ganjam,1505.0,3833,Khalikote,True
15,Odisha,267,Southern,Ganjam,1505.0,3834,Kodala,True
15,Odisha,267,Southern,Ganjam,1505.0,3835,Kukudakhandi,True
15,Odisha,267,Southern,Ganjam,1505.0,3836,Patrapur,True
15,Odisha,267,Southern,Ganjam,1505.0,3837,Polsara,True
15,Odisha,267,Southern,Ganjam,1505.0,3838,Purusottampur,True
15,Odisha,267,Southern,Ganjam,1505.0,3839,Rangeilunda,True
15,Odisha,267,Southern,Ganjam,1505.0,3840,Sankhemundi,True
15,Odisha,267,Southern,Ganjam,1505.0,3841,Seragad,True
15,Odisha,267,Southern,Ganjam,1505.0,3842,Surada,True
15,Odisha,267,Southern,Kalahandi,1506.0,3843,Bhawanipatna,True
15,Odisha,267,Southern,Kalahandi,1506.0,3844,Dharmagarh,True
15,Odisha,267,Southern,Kalahandi,1506.0,3845,Golamunda,True
15,Odisha,267,Southern,Kalahandi,1506.0,3846,Jaipatna,True
15,Odisha,267,Southern,Kalahandi,1506.0,3847,Junagarh,True
15,Odisha,267,Southern,Kalahandi,1506.0,3848,Kalampur,True
15,Odisha,267,Southern,Kalahandi,1506.0,3849,Karlamunda,True
15,Odisha,267,Southern,Kalahandi,1506.0,3850,Kesinga,True
15,Odisha,267,Southern,Kalahandi,1506.0,3851,Koksara,True
15,Odisha,267,Southern,Kalahandi,1506.0,3852,Lanjigarh,True
15,Odisha,267,Southern,Kalahandi,1506.0,3853,M.Rampur,True
15,Odisha,267,Southern,Kalahandi,1506.0,3854,Narla,True
15,Odisha,267,Southern,Kalahandi,1506.0,3855,ThumalRampur,True
15,Odisha,267,Southern,Kandhamal,1531.0,3856,Balliguda,True
15,Odisha,267,Southern,Kandhamal,1531.0,3857,Chakpad,True
15,Odisha,267,Southern,Kandhamal,1531.0,3858,Daringibadi,True
15,Odisha,267,Southern,Kandhamal,1531.0,3859,G.Udayagiri,True
15,Odisha,267,Southern,Kandhamal,1531.0,3860,Khajuripada,True
15,Odisha,267,Southern,Kandhamal,1531.0,3861,Kotgarh,True
15,Odisha,267,Southern,Kandhamal,1531.0,3862,Nuagaon,True
15,Odisha,267,Southern,Kandhamal,1531.0,3863,Phiringia,True
15,Odisha,267,Southern,Kandhamal,1531.0,3864,Phulbani,True
15,Odisha,267,Southern,Kandhamal,1531.0,3865,Raikia,True
15,Odisha,267,Southern,Kandhamal,1531.0,3866,Tikabali,True
15,Odisha,267,Southern,Kandhamal,1531.0,3867,Tumudibandh,True
15,Odisha,267,Southern,Koraput,1508.0,3868,Bandhugaon,True
15,Odisha,267,Southern,Koraput,1508.0,3869,Bariguma,True
15,Odisha,267,Southern,Koraput,1508.0,3870,Boipariguda,True
15,Odisha,267,Southern,Koraput,1508.0,3871,Dasmantpur,True
15,Odisha,267,Southern,Koraput,1508.0,3872,Jeypore,True
15,Odisha,267,Southern,Koraput,1508.0,3873,Koraput,True
15,Odisha,267,Southern,Koraput,1508.0,3874,Kotpada,True
15,Odisha,267,Southern,Koraput,1508.0,3875,Kundara,True
15,Odisha,267,Southern,Koraput,1508.0,3876,Lamtaput,True
15,Odisha,267,Southern,Koraput,1508.0,3877,Laxmipur,True
15,Odisha,267,Southern,Koraput,1508.0,3878,Nandapur,True
15,Odisha,267,Southern,Koraput,1508.0,3879,Narayanpatna,True
15,Odisha,267,Southern,Koraput,1508.0,3880,Pottangi,True
15,Odisha,267,Southern,Koraput,1508.0,3881,Similiguda,True
15,Odisha,267,Southern,Malkangiri,1522.0,3882,Kalimela,True
15,Odisha,267,Southern,Malkangiri,1522.0,3883,Khairaput,True
15,Odisha,267,Southern,Malkangiri,1522.0,3884,Korkunda,True
15,Odisha,267,Southern,Malkangiri,1522.0,3885,Kudumuluguma,True
15,Odisha,267,Southern,Malkangiri,1522.0,3886,Malkangiri,True
15,Odisha,267,Southern,Malkangiri,1522.0,3887,Mathili,True
15,Odisha,267,Southern,Malkangiri,1522.0,3888,Podia,True
15,Odisha,267,Southern,Nabarangpur,1523.0,3889,Chandahandi,True
15,Odisha,267,Southern,Nabarangpur,1523.0,3890,Dabugaon,True
15,Odisha,267,Southern,Nabarangpur,1523.0,3891,Jharigam,True
15,Odisha,267,Southern,Nabarangpur,1523.0,3892,Kosagumuda,True
15,Odisha,267,Southern,Nabarangpur,1523.0,3893,Nandahandi,True
15,Odisha,267,Southern,Nabarangpur,1523.0,3894,Nawrangpur,True
15,Odisha,267,Southern,Nabarangpur,1523.0,3895,Papadahandi,True
15,Odisha,267,Southern,Nabarangpur,1523.0,3896,Raighar,True
15,Odisha,267,Southern,Nabarangpur,1523.0,3897,Tentulikhunti,True
15,Odisha,267,Southern,Nabarangpur,1523.0,3898,Umerkote,True
15,Odisha,267,Southern,Nuapada,1521.0,3899,Boden,True
15,Odisha,267,Southern,Nuapada,1521.0,3900,Khariar,True
15,Odisha,267,Southern,Nuapada,1521.0,3901,Komna,True
15,Odisha,267,Southern,Nuapada,1521.0,3902,Nawapara,True
15,Odisha,267,Southern,Nuapada,1521.0,3903,Sinapalli,True
15,Odisha,267,Southern,Rayagada,1524.0,3904,Bisam-Cuttack,True
15,Odisha,267,Southern,Rayagada,1524.0,3905,Chandrapur,True
15,Odisha,267,Southern,Rayagada,1524.0,3906,Gudari,True
15,Odisha,267,Southern,Rayagada,1524.0,3907,Gunupur,True
15,Odisha,267,Southern,Rayagada,1524.0,3908,K.Singpur,True
15,Odisha,267,Southern,Rayagada,1524.0,3909,Kasipur,True
15,Odisha,267,Southern,Rayagada,1524.0,3910,Kolnara,True
15,Odisha,267,Southern,Rayagada,1524.0,3911,Muniguda,True
15,Odisha,267,Southern,Rayagada,1524.0,3912,Padmapur,True
15,Odisha,267,Southern,Rayagada,1524.0,3913,Ramanguda,True
15,Odisha,267,Southern,Rayagada,1524.0,3914,Rayagada,True
16,Punjab,203,Faridkot,Bhatinda,1608.0,3915,Bathinda,True
16,Punjab,203,Faridkot,Bhatinda,1608.0,3916,Bhagta Bhaika,True
16,Punjab,203,Faridkot,Bhatinda,1608.0,3917,Goniana Mandi,True
16,Punjab,203,Faridkot,Bhatinda,1608.0,3918,Maur,True
16,Punjab,203,Faridkot,Bhatinda,1608.0,3919,Nathana,True
16,Punjab,203,Faridkot,Bhatinda,1608.0,3920,Phul,True
16,Punjab,203,Faridkot,Bhatinda,1608.0,3921,Rampura,True
16,Punjab,203,Faridkot,Bhatinda,1608.0,3922,Sangat,True
16,Punjab,203,Faridkot,Bhatinda,1608.0,3923,Talwandi Sabo,True
16,Punjab,203,Faridkot,Faridkot,1612.0,3924,Faridkot,True
16,Punjab,203,Faridkot,Faridkot,1612.0,3925,Jaitu,True
16,Punjab,203,Faridkot,Faridkot,1612.0,3926,Kot Kapura,True
16,Punjab,203,Faridkot,Mansa,1613.0,3927,Bhikhi,True
16,Punjab,203,Faridkot,Mansa,1613.0,3928,Budhlada,True
16,Punjab,203,Faridkot,Mansa,1613.0,3929,Jhunir,True
16,Punjab,203,Faridkot,Mansa,1613.0,3930,Mansa,True
16,Punjab,203,Faridkot,Mansa,1613.0,3931,Sardulgarh,True
16,Punjab,202,Ferozepur,Fazilka,1623.0,3932,Abohar,True
16,Punjab,202,Ferozepur,Fazilka,1623.0,3933,Arniwala,True
16,Punjab,202,Ferozepur,Fazilka,1623.0,3934,Fazilka,True
16,Punjab,202,Ferozepur,Fazilka,1623.0,3935,Jalalabad,True
16,Punjab,202,Ferozepur,Fazilka,1623.0,3936,Khuian Sarwar,True
16,Punjab,202,Ferozepur,Ferozepur,1604.0,3937,Ferozepur,True
16,Punjab,202,Ferozepur,Ferozepur,1604.0,3938,Ghall Khurd,True
16,Punjab,202,Ferozepur,Ferozepur,1604.0,3939,Guru Harsahai,True
16,Punjab,202,Ferozepur,Ferozepur,1604.0,3940,Makhu,True
16,Punjab,202,Ferozepur,Ferozepur,1604.0,3941,Mamdot,True
16,Punjab,202,Ferozepur,Ferozepur,1604.0,3942,Zira,True
16,Punjab,202,Ferozepur,Moga,1616.0,3943,Bagha Purana,True
16,Punjab,202,Ferozepur,Moga,1616.0,3944,Dharamkot,True
16,Punjab,202,Ferozepur,Moga,1616.0,3945,Moga-1,True
16,Punjab,202,Ferozepur,Moga,1616.0,3946,Moga-2,True
16,Punjab,202,Ferozepur,Moga,1616.0,3947,Nihal Singh Wala,True
16,Punjab,202,Ferozepur,Shri Mukatsar Sahib,1617.0,3948,Kot Bhai,True
16,Punjab,202,Ferozepur,Shri Mukatsar Sahib,1617.0,3949,Lambi,True
16,Punjab,202,Ferozepur,Shri Mukatsar Sahib,1617.0,3950,Malout,True
16,Punjab,202,Ferozepur,Shri Mukatsar Sahib,1617.0,3951,Shri Muktsar Sahib,True
16,Punjab,200,Jalandhar,Amritsar,1605.0,3952,Ajnala,True
16,Punjab,200,Jalandhar,Amritsar,1605.0,3953,Atari,True
16,Punjab,200,Jalandhar,Amritsar,1605.0,3954,Chaugawan,True
16,Punjab,200,Jalandhar,Amritsar,1605.0,3955,Harsha Chhina,True
16,Punjab,200,Jalandhar,Amritsar,1605.0,3956,Jandiala Guru,True
16,Punjab,200,Jalandhar,Amritsar,1605.0,3957,Majitha,True
16,Punjab,200,Jalandhar,Amritsar,1605.0,3958,Rayya,True
16,Punjab,200,Jalandhar,Amritsar,1605.0,3959,Tarsika,True
16,Punjab,200,Jalandhar,Amritsar,1605.0,3960,Verka,True
16,Punjab,200,Jalandhar,Gurdaspur,1606.0,3961,Batala,True
16,Punjab,200,Jalandhar,Gurdaspur,1606.0,3962,Dera Baba Nanak,True
16,Punjab,200,Jalandhar,Gurdaspur,1606.0,3963,Dhariwal,True
16,Punjab,200,Jalandhar,Gurdaspur,1606.0,3964,Dina Nagar,True
16,Punjab,200,Jalandhar,Gurdaspur,1606.0,3965,Dorangla,True
16,Punjab,200,Jalandhar,Gurdaspur,1606.0,3966,Fatehgarh Churian,True
16,Punjab,200,Jalandhar,Gurdaspur,1606.0,3967,Gurdaspur,True
16,Punjab,200,Jalandhar,Gurdaspur,1606.0,3968,Kahnuwan,True
16,Punjab,200,Jalandhar,Gurdaspur,1606.0,3969,Kalanaur,True
16,Punjab,200,Jalandhar,Gurdaspur,1606.0,3970,Qadian,True
16,Punjab,200,Jalandhar,Gurdaspur,1606.0,3971,Sri Hargobindpur,True
16,Punjab,200,Jalandhar,Hoshiarpur,1601.0,3972,Bhunga,True
16,Punjab,200,Jalandhar,Hoshiarpur,1601.0,3973,Dasua,True
16,Punjab,200,Jalandhar,Hoshiarpur,1601.0,3974,Garhshankar,True
16,Punjab,200,Jalandhar,Hoshiarpur,1601.0,3975,Hajipur,True
16,Punjab,200,Jalandhar,Hoshiarpur,1601.0,3976,Hoshiarpur-1,True
16,Punjab,200,Jalandhar,Hoshiarpur,1601.0,3977,Hoshiarpur-2,True
16,Punjab,200,Jalandhar,Hoshiarpur,1601.0,3978,Mahalpur,True
16,Punjab,200,Jalandhar,Hoshiarpur,1601.0,3979,Mukerian,True
16,Punjab,200,Jalandhar,Hoshiarpur,1601.0,3980,Talwara,True
16,Punjab,200,Jalandhar,Hoshiarpur,1601.0,3981,Tanda,True
16,Punjab,200,Jalandhar,Jalandhar,1602.0,3982,Adampur,True
16,Punjab,200,Jalandhar,Jalandhar,1602.0,3983,Bhogpur,True
16,Punjab,200,Jalandhar,Jalandhar,1602.0,3984,Jalandhar East,True
16,Punjab,200,Jalandhar,Jalandhar,1602.0,3985,Jalandhar West,True
16,Punjab,200,Jalandhar,Jalandhar,1602.0,3986,Lohian,True
16,Punjab,200,Jalandhar,Jalandhar,1602.0,3987,Mehatpur,True
16,Punjab,200,Jalandhar,Jalandhar,1602.0,3988,Nakodar,True
16,Punjab,200,Jalandhar,Jalandhar,1602.0,3989,Nurmahal,True
16,Punjab,200,Jalandhar,Jalandhar,1602.0,3990,Phillaur,True
16,Punjab,200,Jalandhar,Jalandhar,1602.0,3991,Rurka Kalan,True
16,Punjab,200,Jalandhar,Jalandhar,1602.0,3992,Shahkot,True
16,Punjab,200,Jalandhar,Kapurthala,1607.0,3993,Dhilwan,True
16,Punjab,200,Jalandhar,Kapurthala,1607.0,3994,Kapurthala,True
16,Punjab,200,Jalandhar,Kapurthala,1607.0,3995,Nadala,True
16,Punjab,200,Jalandhar,Kapurthala,1607.0,3996,Phagwara,True
16,Punjab,200,Jalandhar,Kapurthala,1607.0,3997,Sultanpur Lodhi,True
16,Punjab,200,Jalandhar,Pathankot,1622.0,3998,Bamial,True
16,Punjab,200,Jalandhar,Pathankot,1622.0,3999,Dhar Kalan,True
16,Punjab,200,Jalandhar,Pathankot,1622.0,4000,Gharota,True
16,Punjab,200,Jalandhar,Pathankot,1622.0,4001,Narot Jaimal Singh,True
16,Punjab,200,Jalandhar,Pathankot,1622.0,4002,Pathankot,True
16,Punjab,200,Jalandhar,Pathankot,1622.0,4003,Sujanpur,True
16,Punjab,200,Jalandhar,Tarn Taran,1620.0,4004,Bhikhiwind,True
16,Punjab,200,Jalandhar,Tarn Taran,1620.0,4005,Chohla Sahib,True
16,Punjab,200,Jalandhar,Tarn Taran,1620.0,4006,Gandiwind,True
16,Punjab,200,Jalandhar,Tarn Taran,1620.0,4007,Khadur Sahib,True
16,Punjab,200,Jalandhar,Tarn Taran,1620.0,4008,Naushehra Pannuan,True
16,Punjab,200,Jalandhar,Tarn Taran,1620.0,4009,Patti,True
16,Punjab,200,Jalandhar,Tarn Taran,1620.0,4010,Tarn Taran,True
16,Punjab,200,Jalandhar,Tarn Taran,1620.0,4011,Valtoha,True
16,Punjab,201,Patiala,Barnala,1619.0,4012,Barnala,True
16,Punjab,201,Patiala,Barnala,1619.0,4013,Mehal Kalan,True
16,Punjab,201,Patiala,Barnala,1619.0,4014,Sehna,True
16,Punjab,201,Patiala,Fatehgarh Sahib,1614.0,4015,Amloh,True
16,Punjab,201,Patiala,Fatehgarh Sahib,1614.0,4016,Bassi Pathana,True
16,Punjab,201,Patiala,Fatehgarh Sahib,1614.0,4017,Khamanon,True
16,Punjab,201,Patiala,Fatehgarh Sahib,1614.0,4018,Khera,True
16,Punjab,201,Patiala,Fatehgarh Sahib,1614.0,4019,Sirhind,True
16,Punjab,201,Patiala,Ludhiana,1603.0,4020,Dehlon,True
16,Punjab,201,Patiala,Ludhiana,1603.0,4021,Doraha,True
16,Punjab,201,Patiala,Ludhiana,1603.0,4022,Jagraon,True
16,Punjab,201,Patiala,Ludhiana,1603.0,4023,Khanna,True
16,Punjab,201,Patiala,Ludhiana,1603.0,4024,Ludhiana-1,True
16,Punjab,201,Patiala,Ludhiana,1603.0,4025,Ludhiana-2,True
16,Punjab,201,Patiala,Ludhiana,1603.0,4026,Machhiwara,True
16,Punjab,201,Patiala,Ludhiana,1603.0,4027,Malaud,True
16,Punjab,201,Patiala,Ludhiana,1603.0,4028,Pakhowal,True
16,Punjab,201,Patiala,Ludhiana,1603.0,4029,Raikot,True
16,Punjab,201,Patiala,Ludhiana,1603.0,4030,Samrala,True
16,Punjab,201,Patiala,Ludhiana,1603.0,4031,Sidhwan Bet,True
16,Punjab,201,Patiala,Ludhiana,1603.0,4032,Sudhar,True
16,Punjab,201,Patiala,Patiala,1609.0,4033,Bhunerheri,True
16,Punjab,201,Patiala,Patiala,1609.0,4034,Ghanaur,True
16,Punjab,201,Patiala,Patiala,1609.0,4035,Nabha,True
16,Punjab,201,Patiala,Patiala,1609.0,4036,Patiala,True
16,Punjab,201,Patiala,Patiala,1609.0,4037,Patran,True
16,Punjab,201,Patiala,Patiala,1609.0,4038,Rajpura,True
16,Punjab,201,Patiala,Patiala,1609.0,4039,Samana,True
16,Punjab,201,Patiala,Patiala,1609.0,4040,Sanaur,True
16,Punjab,201,Patiala,Patiala,1609.0,4041,Shambu Kalan,True
16,Punjab,201,Patiala,Sangrur,1610.0,4042,Andana,True
16,Punjab,201,Patiala,Sangrur,1610.0,4043,Bhawanigarh,True
16,Punjab,201,Patiala,Sangrur,1610.0,4044,Dhuri,True
16,Punjab,201,Patiala,Sangrur,1610.0,4045,Dirba,True
16,Punjab,201,Patiala,Sangrur,1610.0,4046,Lehragaga,True
16,Punjab,201,Patiala,Sangrur,1610.0,4047,Sangrur,True
16,Punjab,201,Patiala,Sangrur,1610.0,4048,Sherpur,True
16,Punjab,201,Patiala,Sangrur,1610.0,4049,Sunam,True
16,Punjab,204,Ropar,Rupnagar,1611.0,4050,Anandpur Sahib,True
16,Punjab,204,Ropar,Rupnagar,1611.0,4051,Chamkaur Sahib,True
16,Punjab,204,Ropar,Rupnagar,1611.0,4052,Morinda,True
16,Punjab,204,Ropar,Rupnagar,1611.0,4053,Nurpur Bedi,True
16,Punjab,204,Ropar,Rupnagar,1611.0,4054,Rup Nagar,True
16,Punjab,204,Ropar,Sahibzada Ajit Singh Nagar,1615.0,4055,Dera Bassi,True
16,Punjab,204,Ropar,Sahibzada Ajit Singh Nagar,1615.0,4056,Kharar,True
16,Punjab,204,Ropar,Sahibzada Ajit Singh Nagar,1615.0,4057,Majri,True
16,Punjab,204,Ropar,Shaheed Bhagat Singh Nagar,1621.0,4058,Aur,True
16,Punjab,204,Ropar,Shaheed Bhagat Singh Nagar,1621.0,4059,Balachaur,True
16,Punjab,204,Ropar,Shaheed Bhagat Singh Nagar,1621.0,4060,Banga,True
16,Punjab,204,Ropar,Shaheed Bhagat Singh Nagar,1621.0,4061,Saroya,True
16,Punjab,204,Ropar,Shaheed Bhagat Singh Nagar,1621.0,4062,Shaheed Bhagat Singh Nagar,True
22,Sikkim,268,East Sikkim,East District,2202.0,4063,Assam Lingzey,True
22,Sikkim,268,East Sikkim,East District,2202.0,4064,Duga,True
22,Sikkim,268,East Sikkim,East District,2202.0,4065,Gangtok,True
22,Sikkim,268,East Sikkim,East District,2202.0,4066,Pacheykhani,True
22,Sikkim,268,East Sikkim,East District,2202.0,4067,Pakyong,True
22,Sikkim,268,East Sikkim,East District,2202.0,4068,Penlong,True
22,Sikkim,268,East Sikkim,East District,2202.0,4069,Rhenock,True
22,Sikkim,268,East Sikkim,East District,2202.0,4070,Rongli,True
22,Sikkim,268,East Sikkim,East District,2202.0,4071,Rumtek,True
22,Sikkim,268,East Sikkim,East District,2202.0,4072,Samdong,True
22,Sikkim,268,East Sikkim,East District,2202.0,4073,Sang,True
22,Sikkim,268,East Sikkim,East District,2202.0,4074,Sichey Busty,True
22,Sikkim,269,North Sikkim,North District,2201.0,4075,Chungthang,True
22,Sikkim,269,North Sikkim,North District,2201.0,4076,Hee Gyathang,True
22,Sikkim,269,North Sikkim,North District,2201.0,4077,Kabi,True
22,Sikkim,269,North Sikkim,North District,2201.0,4078,Lachen,True
22,Sikkim,269,North Sikkim,North District,2201.0,4079,Lachung,True
22,Sikkim,269,North Sikkim,North District,2201.0,4080,Mangan,True
22,Sikkim,269,North Sikkim,North District,2201.0,4081,Phodong,True
22,Sikkim,269,North Sikkim,North District,2201.0,4082,Tingbong,True
22,Sikkim,270,South Sikkim,South District,2203.0,4083,Chakung,True
22,Sikkim,270,South Sikkim,South District,2203.0,4084,Damthang,True
22,Sikkim,270,South Sikkim,South District,2203.0,4085,Jorthang,True
22,Sikkim,270,South Sikkim,South District,2203.0,4086,Namchi,True
22,Sikkim,270,South Sikkim,South District,2203.0,4087,Namthang,True
22,Sikkim,270,South Sikkim,South District,2203.0,4088,Ravongla,True
22,Sikkim,270,South Sikkim,South District,2203.0,4089,Sumbuk,True
22,Sikkim,270,South Sikkim,South District,2203.0,4090,Temi,True
22,Sikkim,270,South Sikkim,South District,2203.0,4091,Wak,True
22,Sikkim,270,South Sikkim,South District,2203.0,4092,Yangang,True
22,Sikkim,271,West Sikkim,West District,2204.0,4093,Daramdin,True
22,Sikkim,271,West Sikkim,West District,2204.0,4094,Dentam,True
22,Sikkim,271,West Sikkim,West District,2204.0,4095,Gyalshing,True
22,Sikkim,271,West Sikkim,West District,2204.0,4096,Ilee Yangthang,True
22,Sikkim,271,West Sikkim,West District,2204.0,4097,Kaluk,True
22,Sikkim,271,West Sikkim,West District,2204.0,4098,Mangalbarey,True
22,Sikkim,271,West Sikkim,West District,2204.0,4099,Okhray,True
22,Sikkim,271,West Sikkim,West District,2204.0,4100,Soreng,True
22,Sikkim,271,West Sikkim,West District,2204.0,4101,Tashiding,True
22,Sikkim,271,West Sikkim,West District,2204.0,4102,Yoksum,True
18,Tamil Nadu,272,Central Tamil Nadu,Ariyalur,1830.0,4103,Andimadam,True
18,Tamil Nadu,272,Central Tamil Nadu,Ariyalur,1830.0,4104,Ariyalur,True
18,Tamil Nadu,272,Central Tamil Nadu,Ariyalur,1830.0,4105,Sendurai,True
18,Tamil Nadu,272,Central Tamil Nadu,Ariyalur,1830.0,4106,Thirumanur,True
18,Tamil Nadu,272,Central Tamil Nadu,Karur,1819.0,4113,Aravakurichi,True
18,Tamil Nadu,272,Central Tamil Nadu,Karur,1819.0,4114,K.Paramathi,True
18,Tamil Nadu,272,Central Tamil Nadu,Karur,1819.0,4115,Kadavur,True
18,Tamil Nadu,272,Central Tamil Nadu,Karur,1819.0,4116,Karur,True
18,Tamil Nadu,272,Central Tamil Nadu,Karur,1819.0,4117,Krishnarayapuram,True
18,Tamil Nadu,272,Central Tamil Nadu,Karur,1819.0,4118,Kulithalai,True
18,Tamil Nadu,272,Central Tamil Nadu,Karur,1819.0,4119,Thanthoni,True
18,Tamil Nadu,272,Central Tamil Nadu,Karur,1819.0,4120,Thogamalai,True
18,Tamil Nadu,272,Central Tamil Nadu,Nagapattinam,1825.0,4125,Keelaiyur,True
18,Tamil Nadu,272,Central Tamil Nadu,Nagapattinam,1825.0,4126,Kilvelur,True
18,Tamil Nadu,272,Central Tamil Nadu,Nagapattinam,1825.0,4127,Kollidam,True
18,Tamil Nadu,272,Central Tamil Nadu,Nagapattinam,1825.0,4128,Kuthalam,True
18,Tamil Nadu,272,Central Tamil Nadu,Nagapattinam,1825.0,4129,Mayiladuthurai,True
18,Tamil Nadu,272,Central Tamil Nadu,Nagapattinam,1825.0,4130,Nagapattina,True
18,Tamil Nadu,272,Central Tamil Nadu,Nagapattinam,1825.0,4131,Sembanarkoil,True
18,Tamil Nadu,272,Central Tamil Nadu,Nagapattinam,1825.0,4132,Sirkali,True
18,Tamil Nadu,272,Central Tamil Nadu,Nagapattinam,1825.0,4133,Thalainayar,True
18,Tamil Nadu,272,Central Tamil Nadu,Nagapattinam,1825.0,4134,Thirumarugal,True
18,Tamil Nadu,272,Central Tamil Nadu,Nagapattinam,1825.0,4135,Vedaranyam,True
18,Tamil Nadu,272,Central Tamil Nadu,Perambalur,1820.0,4136,Alathur,True
18,Tamil Nadu,272,Central Tamil Nadu,Perambalur,1820.0,4137,Perambalur,True
18,Tamil Nadu,272,Central Tamil Nadu,Perambalur,1820.0,4138,Veppanthattai,True
18,Tamil Nadu,272,Central Tamil Nadu,Perambalur,1820.0,4139,Veppur,True
18,Tamil Nadu,272,Central Tamil Nadu,Pudukkottai,1809.0,4140,Annavasal,True
18,Tamil Nadu,272,Central Tamil Nadu,Pudukkottai,1809.0,4141,Arantangi,True
18,Tamil Nadu,272,Central Tamil Nadu,Pudukkottai,1809.0,4142,Arimalam,True
18,Tamil Nadu,272,Central Tamil Nadu,Pudukkottai,1809.0,4143,Avudayarkoil,True
18,Tamil Nadu,272,Central Tamil Nadu,Pudukkottai,1809.0,4144,Gandarvakottai,True
18,Tamil Nadu,272,Central Tamil Nadu,Pudukkottai,1809.0,4145,Karambakkudi,True
18,Tamil Nadu,272,Central Tamil Nadu,Pudukkottai,1809.0,4146,Kunnandarkoil,True
18,Tamil Nadu,272,Central Tamil Nadu,Pudukkottai,1809.0,4147,Manamelkudi,True
18,Tamil Nadu,272,Central Tamil Nadu,Pudukkottai,1809.0,4148,Ponnamaravathi,True
18,Tamil Nadu,272,Central Tamil Nadu,Pudukkottai,1809.0,4149,Pudukkottai,True
18,Tamil Nadu,272,Central Tamil Nadu,Pudukkottai,1809.0,4150,Thirumayam,True
18,Tamil Nadu,272,Central Tamil Nadu,Pudukkottai,1809.0,4151,Thiruvarankulam,True
18,Tamil Nadu,272,Central Tamil Nadu,Pudukkottai,1809.0,4152,Viralimalai,True
18,Tamil Nadu,272,Central Tamil Nadu,Thanjavur,1810.0,4153,Ammapet,True
18,Tamil Nadu,272,Central Tamil Nadu,Thanjavur,1810.0,4154,Budalur,True
18,Tamil Nadu,272,Central Tamil Nadu,Thanjavur,1810.0,4155,Kumbakonam,True
18,Tamil Nadu,272,Central Tamil Nadu,Thanjavur,1810.0,4156,Madukkur,True
18,Tamil Nadu,272,Central Tamil Nadu,Thanjavur,1810.0,4157,Orathanadu,True
18,Tamil Nadu,272,Central Tamil Nadu,Thanjavur,1810.0,4158,Papanasam,True
18,Tamil Nadu,272,Central Tamil Nadu,Thanjavur,1810.0,4159,Pattukkottai,True
18,Tamil Nadu,272,Central Tamil Nadu,Thanjavur,1810.0,4160,Peravurani,True
18,Tamil Nadu,272,Central Tamil Nadu,Thanjavur,1810.0,4161,Sethubavachatram,True
18,Tamil Nadu,272,Central Tamil Nadu,Thanjavur,1810.0,4162,Thanjavur,True
18,Tamil Nadu,272,Central Tamil Nadu,Thanjavur,1810.0,4163,Thiruvaiyaru,True
18,Tamil Nadu,272,Central Tamil Nadu,Thanjavur,1810.0,4164,Thiruvidaimarudur,True
18,Tamil Nadu,272,Central Tamil Nadu,Thanjavur,1810.0,4165,Thiruvonam,True
18,Tamil Nadu,272,Central Tamil Nadu,Thanjavur,1810.0,4166,Tiruppanandal,True
18,Tamil Nadu,272,Central Tamil Nadu,Thiruvarur,1822.0,4167,Kodavasal,True
18,Tamil Nadu,272,Central Tamil Nadu,Thiruvarur,1822.0,4168,Koradacheri,True
18,Tamil Nadu,272,Central Tamil Nadu,Thiruvarur,1822.0,4169,Kottur,True
18,Tamil Nadu,272,Central Tamil Nadu,Thiruvarur,1822.0,4170,Mannargudi,True
18,Tamil Nadu,272,Central Tamil Nadu,Thiruvarur,1822.0,4171,Muthupettai,True
18,Tamil Nadu,272,Central Tamil Nadu,Thiruvarur,1822.0,4172,Nannilam,True
18,Tamil Nadu,272,Central Tamil Nadu,Thiruvarur,1822.0,4173,Needamangalam,True
18,Tamil Nadu,272,Central Tamil Nadu,Thiruvarur,1822.0,4174,Thiruthuraipoondi,True
18,Tamil Nadu,272,Central Tamil Nadu,Thiruvarur,1822.0,4175,Thiruvarur,True
18,Tamil Nadu,272,Central Tamil Nadu,Thiruvarur,1822.0,4176,Valangaiman,True
18,Tamil Nadu,272,Central Tamil Nadu,Tiruchirappalli,1808.0,4177,Andanallur,True
18,Tamil Nadu,272,Central Tamil Nadu,Tiruchirappalli,1808.0,4178,Lalgudi,True
18,Tamil Nadu,272,Central Tamil Nadu,Tiruchirappalli,1808.0,4179,Manachanallur,True
18,Tamil Nadu,272,Central Tamil Nadu,Tiruchirappalli,1808.0,4180,Manapparai,True
18,Tamil Nadu,272,Central Tamil Nadu,Tiruchirappalli,1808.0,4181,Manikandam,True
18,Tamil Nadu,272,Central Tamil Nadu,Tiruchirappalli,1808.0,4182,Marungapuri,True
18,Tamil Nadu,272,Central Tamil Nadu,Tiruchirappalli,1808.0,4183,Musiri,True
18,Tamil Nadu,272,Central Tamil Nadu,Tiruchirappalli,1808.0,4184,Pullampady,True
18,Tamil Nadu,272,Central Tamil Nadu,Tiruchirappalli,1808.0,4185,Thathiengarpet,True
18,Tamil Nadu,272,Central Tamil Nadu,Tiruchirappalli,1808.0,4186,Thiruverambur,True
18,Tamil Nadu,272,Central Tamil Nadu,Tiruchirappalli,1808.0,4187,Thottiam,True
18,Tamil Nadu,272,Central Tamil Nadu,Tiruchirappalli,1808.0,4188,Thuraiyur,True
18,Tamil Nadu,272,Central Tamil Nadu,Tiruchirappalli,1808.0,4189,Uppiliyapuram,True
18,Tamil Nadu,272,Central Tamil Nadu,Tiruchirappalli,1808.0,4190,Vaiyampatty,True
18,Tamil Nadu,273,North Tamil Nadu,Chennai,1829.0,4199,Alandur,True
18,Tamil Nadu,273,North Tamil Nadu,Chennai,1829.0,4200,Ambattur,True
18,Tamil Nadu,273,North Tamil Nadu,Chennai,1829.0,4201,Aminjikarai,True
18,Tamil Nadu,273,North Tamil Nadu,Chennai,1829.0,4202,Ayanavaram,True
18,Tamil Nadu,273,North Tamil Nadu,Chennai,1829.0,4203,Egmore,True
18,Tamil Nadu,273,North Tamil Nadu,Chennai,1829.0,4204,Guindy,True
18,Tamil Nadu,273,North Tamil Nadu,Chennai,1829.0,4205,Madhavaram,True
18,Tamil Nadu,273,North Tamil Nadu,Chennai,1829.0,4206,Maduravoyal,True
18,Tamil Nadu,273,North Tamil Nadu,Chennai,1829.0,4207,Mambalam,True
18,Tamil Nadu,273,North Tamil Nadu,Chennai,1829.0,4208,Mylapore,True
18,Tamil Nadu,273,North Tamil Nadu,Chennai,1829.0,4209,Perambur,True
18,Tamil Nadu,273,North Tamil Nadu,Chennai,1829.0,4210,Purasawalkam,True
18,Tamil Nadu,273,North Tamil Nadu,Chennai,1829.0,4211,Sholinganallur,True
18,Tamil Nadu,273,North Tamil Nadu,Chennai,1829.0,4212,Tiruvottiyur,True
18,Tamil Nadu,273,North Tamil Nadu,Chennai,1829.0,4213,Tondiarpet,True
18,Tamil Nadu,273,North Tamil Nadu,Chennai,1829.0,4214,Velachery,True
18,Tamil Nadu,273,North Tamil Nadu,Cuddalore,1802.0,4215,Annagramam,True
18,Tamil Nadu,273,North Tamil Nadu,Cuddalore,1802.0,4216,Cuddalore,True
18,Tamil Nadu,273,North Tamil Nadu,Cuddalore,1802.0,4217,Kammapuram,True
18,Tamil Nadu,273,North Tamil Nadu,Cuddalore,1802.0,4218,Kattumannar Koil,True
18,Tamil Nadu,273,North Tamil Nadu,Cuddalore,1802.0,4219,Keerapalayam,True
18,Tamil Nadu,273,North Tamil Nadu,Cuddalore,1802.0,4220,Kumaratchi,True
18,Tamil Nadu,273,North Tamil Nadu,Cuddalore,1802.0,4221,Kurinjipadi,True
18,Tamil Nadu,273,North Tamil Nadu,Cuddalore,1802.0,4222,Mangalur,True
18,Tamil Nadu,273,North Tamil Nadu,Cuddalore,1802.0,4223,Melbhuvanagiri,True
18,Tamil Nadu,273,North Tamil Nadu,Cuddalore,1802.0,4224,Nallur,True
18,Tamil Nadu,273,North Tamil Nadu,Cuddalore,1802.0,4225,Panruti,True
18,Tamil Nadu,273,North Tamil Nadu,Cuddalore,1802.0,4226,Parangipettai,True
18,Tamil Nadu,273,North Tamil Nadu,Cuddalore,1802.0,4227,Vridhachalam,True
18,Tamil Nadu,273,North Tamil Nadu,Kanchipuram,1801.0,4228,Kanchipuram,True
18,Tamil Nadu,273,North Tamil Nadu,Kanchipuram,1801.0,4229,Kundrathur,True
18,Tamil Nadu,273,North Tamil Nadu,Kanchipuram,1801.0,4230,Sriperumbudur,True
18,Tamil Nadu,273,North Tamil Nadu,Kanchipuram,1801.0,4231,Uthiramerur,True
18,Tamil Nadu,273,North Tamil Nadu,Kanchipuram,1801.0,4232,Walajabad,True
18,Tamil Nadu,273,North Tamil Nadu,Tiruvallur,1816.0,4237,Ellapuram,True
18,Tamil Nadu,273,North Tamil Nadu,Tiruvallur,1816.0,4238,Gummidipoondi,True
18,Tamil Nadu,273,North Tamil Nadu,Tiruvallur,1816.0,4239,Kadambathur,True
18,Tamil Nadu,273,North Tamil Nadu,Tiruvallur,1816.0,4240,Minjur,True
18,Tamil Nadu,273,North Tamil Nadu,Tiruvallur,1816.0,4241,Pallipet,True
18,Tamil Nadu,273,North Tamil Nadu,Tiruvallur,1816.0,4242,Poonamallee,True
18,Tamil Nadu,273,North Tamil Nadu,Tiruvallur,1816.0,4243,Poondi,True
18,Tamil Nadu,273,North Tamil Nadu,Tiruvallur,1816.0,4244,Puzhal,True
18,Tamil Nadu,273,North Tamil Nadu,Tiruvallur,1816.0,4245,RK.Pet,True
18,Tamil Nadu,273,North Tamil Nadu,Tiruvallur,1816.0,4246,Sholavaram,True
18,Tamil Nadu,273,North Tamil Nadu,Tiruvallur,1816.0,4247,Tiruttani,True
18,Tamil Nadu,273,North Tamil Nadu,Tiruvallur,1816.0,4248,Tiruvalangadu,True
18,Tamil Nadu,273,North Tamil Nadu,Tiruvallur,1816.0,4249,Tiruvallur,True
18,Tamil Nadu,273,North Tamil Nadu,Tiruvallur,1816.0,4250,Villivakkam,True
18,Tamil Nadu,273,North Tamil Nadu,Tiruvannamalai,1827.0,4251,Anakkavoor,True
18,Tamil Nadu,273,North Tamil Nadu,Tiruvannamalai,1827.0,4252,Arni,True
18,Tamil Nadu,273,North Tamil Nadu,Tiruvannamalai,1827.0,4253,Chengam,True
18,Tamil Nadu,273,North Tamil Nadu,Tiruvannamalai,1827.0,4254,Chetpet,True
18,Tamil Nadu,273,North Tamil Nadu,Tiruvannamalai,1827.0,4255,Cheyyar,True
18,Tamil Nadu,273,North Tamil Nadu,Tiruvannamalai,1827.0,4256,Jawadumalai,True
18,Tamil Nadu,273,North Tamil Nadu,Tiruvannamalai,1827.0,4257,Kalasapakkam,True
18,Tamil Nadu,273,North Tamil Nadu,Tiruvannamalai,1827.0,4258,Kilpennathur,True
18,Tamil Nadu,273,North Tamil Nadu,Tiruvannamalai,1827.0,4259,Peranamallur,True
18,Tamil Nadu,273,North Tamil Nadu,Tiruvannamalai,1827.0,4260,Polur,True
18,Tamil Nadu,273,North Tamil Nadu,Tiruvannamalai,1827.0,4261,Pudupalayam,True
18,Tamil Nadu,273,North Tamil Nadu,Tiruvannamalai,1827.0,4262,Thandrampet,True
18,Tamil Nadu,273,North Tamil Nadu,Tiruvannamalai,1827.0,4263,Thellar,True
18,Tamil Nadu,273,North Tamil Nadu,Tiruvannamalai,1827.0,4264,Thurinjapuram,True
18,Tamil Nadu,273,North Tamil Nadu,Tiruvannamalai,1827.0,4265,Tiruvannamalai,True
18,Tamil Nadu,273,North Tamil Nadu,Tiruvannamalai,1827.0,4266,Vandavasi,True
18,Tamil Nadu,273,North Tamil Nadu,Tiruvannamalai,1827.0,4267,Vembakkam,True
18,Tamil Nadu,273,North Tamil Nadu,Tiruvannamalai,1827.0,4268,West Arni,True
18,Tamil Nadu,273,North Tamil Nadu,Vellore,1803.0,4269,Alangayam,True
18,Tamil Nadu,273,North Tamil Nadu,Vellore,1803.0,4270,Anaicut,True
18,Tamil Nadu,273,North Tamil Nadu,Vellore,1803.0,4271,Arakonam,True
18,Tamil Nadu,273,North Tamil Nadu,Vellore,1803.0,4272,Arcot,True
18,Tamil Nadu,273,North Tamil Nadu,Vellore,1803.0,4273,Gudiyatham,True
18,Tamil Nadu,273,North Tamil Nadu,Vellore,1803.0,4274,Jolarpet,True
18,Tamil Nadu,273,North Tamil Nadu,Vellore,1803.0,4275,K.V. Kuppam,True
18,Tamil Nadu,273,North Tamil Nadu,Vellore,1803.0,4276,Kandhili,True
18,Tamil Nadu,273,North Tamil Nadu,Vellore,1803.0,4277,Kaniyambadi,True
18,Tamil Nadu,273,North Tamil Nadu,Vellore,1803.0,4278,Katpadi,True
18,Tamil Nadu,273,North Tamil Nadu,Vellore,1803.0,4279,Kaveripakkam,True
18,Tamil Nadu,273,North Tamil Nadu,Vellore,1803.0,4280,Madhanur,True
18,Tamil Nadu,273,North Tamil Nadu,Vellore,1803.0,4281,Natrampalli,True
18,Tamil Nadu,273,North Tamil Nadu,Vellore,1803.0,4282,Nemili,True
18,Tamil Nadu,273,North Tamil Nadu,Vellore,1803.0,4283,Pernambet,True
18,Tamil Nadu,273,North Tamil Nadu,Vellore,1803.0,4284,Sholinghur,True
18,Tamil Nadu,273,North Tamil Nadu,Vellore,1803.0,4285,Thimiri,True
18,Tamil Nadu,273,North Tamil Nadu,Vellore,1803.0,4286,Thirupathur,True
18,Tamil Nadu,273,North Tamil Nadu,Vellore,1803.0,4287,Vellore,True
18,Tamil Nadu,273,North Tamil Nadu,Vellore,1803.0,4288,Walajah,True
18,Tamil Nadu,273,North Tamil Nadu,Villupuram,1823.0,4289,Chinnasalem,True
18,Tamil Nadu,273,North Tamil Nadu,Villupuram,1823.0,4290,Gingee,True
18,Tamil Nadu,273,North Tamil Nadu,Villupuram,1823.0,4291,Kallakurichi,True
18,Tamil Nadu,273,North Tamil Nadu,Villupuram,1823.0,4292,Kalrayan Hills,True
18,Tamil Nadu,273,North Tamil Nadu,Villupuram,1823.0,4293,Kanai,True
18,Tamil Nadu,273,North Tamil Nadu,Villupuram,1823.0,4294,Kandamangalam,True
18,Tamil Nadu,273,North Tamil Nadu,Villupuram,1823.0,4295,Koliyanur,True
18,Tamil Nadu,273,North Tamil Nadu,Villupuram,1823.0,4296,Mailam,True
18,Tamil Nadu,273,North Tamil Nadu,Villupuram,1823.0,4297,Melmalayanur,True
18,Tamil Nadu,273,North Tamil Nadu,Villupuram,1823.0,4298,Merkanam,True
18,Tamil Nadu,273,North Tamil Nadu,Villupuram,1823.0,4299,Mugaiyur,True
18,Tamil Nadu,273,North Tamil Nadu,Villupuram,1823.0,4300,Olakkur,True
18,Tamil Nadu,273,North Tamil Nadu,Villupuram,1823.0,4301,Rishivandiyam,True
18,Tamil Nadu,273,North Tamil Nadu,Villupuram,1823.0,4302,Sankarapuram,True
18,Tamil Nadu,273,North Tamil Nadu,Villupuram,1823.0,4303,T.V. Nallur,True
18,Tamil Nadu,273,North Tamil Nadu,Villupuram,1823.0,4304,Thiyagadurgam,True
18,Tamil Nadu,273,North Tamil Nadu,Villupuram,1823.0,4305,Tirukoilur,True
18,Tamil Nadu,273,North Tamil Nadu,Villupuram,1823.0,4306,Tirunavalur,True
18,Tamil Nadu,273,North Tamil Nadu,Villupuram,1823.0,4307,Ulundurpet,True
18,Tamil Nadu,273,North Tamil Nadu,Villupuram,1823.0,4308,Vallam,True
18,Tamil Nadu,273,North Tamil Nadu,Villupuram,1823.0,4309,Vanur,True
18,Tamil Nadu,273,North Tamil Nadu,Villupuram,1823.0,4310,Vikkiravandi,True
18,Tamil Nadu,274,South Tamil Nadu,Dindigul,1821.0,4311,Athoor,True
18,Tamil Nadu,274,South Tamil Nadu,Dindigul,1821.0,4312,Batlagundu,True
18,Tamil Nadu,274,South Tamil Nadu,Dindigul,1821.0,4313,Dindigul,True
18,Tamil Nadu,274,South Tamil Nadu,Dindigul,1821.0,4314,Guziliamparai,True
18,Tamil Nadu,274,South Tamil Nadu,Dindigul,1821.0,4315,Kodaikanal,True
18,Tamil Nadu,274,South Tamil Nadu,Dindigul,1821.0,4316,Natham,True
18,Tamil Nadu,274,South Tamil Nadu,Dindigul,1821.0,4317,Nilakottai,True
18,Tamil Nadu,274,South Tamil Nadu,Dindigul,1821.0,4318,Oddanchatram,True
18,Tamil Nadu,274,South Tamil Nadu,Dindigul,1821.0,4319,Palani,True
18,Tamil Nadu,274,South Tamil Nadu,Dindigul,1821.0,4320,Reddiarchatram,True
18,Tamil Nadu,274,South Tamil Nadu,Dindigul,1821.0,4321,Shanarpatti,True
18,Tamil Nadu,274,South Tamil Nadu,Dindigul,1821.0,4322,Thoppampatti,True
18,Tamil Nadu,274,South Tamil Nadu,Dindigul,1821.0,4323,Vadamadurai,True
18,Tamil Nadu,274,South Tamil Nadu,Dindigul,1821.0,4324,Vedasandur,True
18,Tamil Nadu,274,South Tamil Nadu,Kanniyakumari,1815.0,4325,Agastheeswaram,True
18,Tamil Nadu,274,South Tamil Nadu,Kanniyakumari,1815.0,4326,Killiyoor,True
18,Tamil Nadu,274,South Tamil Nadu,Kanniyakumari,1815.0,4327,Kurunthancode,True
18,Tamil Nadu,274,South Tamil Nadu,Kanniyakumari,1815.0,4328,Melpuram,True
18,Tamil Nadu,274,South Tamil Nadu,Kanniyakumari,1815.0,4329,Munchirai,True
18,Tamil Nadu,274,South Tamil Nadu,Kanniyakumari,1815.0,4330,Rajakkamangalam,True
18,Tamil Nadu,274,South Tamil Nadu,Kanniyakumari,1815.0,4331,Thiruvattar,True
18,Tamil Nadu,274,South Tamil Nadu,Kanniyakumari,1815.0,4332,Thovalai,True
18,Tamil Nadu,274,South Tamil Nadu,Kanniyakumari,1815.0,4333,Thuckalay,True
18,Tamil Nadu,274,South Tamil Nadu,Madurai,1811.0,4334,Alanganallur,True
18,Tamil Nadu,274,South Tamil Nadu,Madurai,1811.0,4335,Chellampatti,True
18,Tamil Nadu,274,South Tamil Nadu,Madurai,1811.0,4336,Kallikudi,True
18,Tamil Nadu,274,South Tamil Nadu,Madurai,1811.0,4337,Kottampatti,True
18,Tamil Nadu,274,South Tamil Nadu,Madurai,1811.0,4338,Madurai East,True
18,Tamil Nadu,274,South Tamil Nadu,Madurai,1811.0,4339,Madurai West,True
18,Tamil Nadu,274,South Tamil Nadu,Madurai,1811.0,4340,Melur,True
18,Tamil Nadu,274,South Tamil Nadu,Madurai,1811.0,4341,Sedapatti,True
18,Tamil Nadu,274,South Tamil Nadu,Madurai,1811.0,4342,T.Kallupatty,True
18,Tamil Nadu,274,South Tamil Nadu,Madurai,1811.0,4343,Thirumangalam,True
18,Tamil Nadu,274,South Tamil Nadu,Madurai,1811.0,4344,Thirupparankundram,True
18,Tamil Nadu,274,South Tamil Nadu,Madurai,1811.0,4345,Usilampatti,True
18,Tamil Nadu,274,South Tamil Nadu,Madurai,1811.0,4346,Vadipatti,True
18,Tamil Nadu,274,South Tamil Nadu,Ramanathapuram,1812.0,4347,Bogalur,True
18,Tamil Nadu,274,South Tamil Nadu,Ramanathapuram,1812.0,4348,Kadaladi,True
18,Tamil Nadu,274,South Tamil Nadu,Ramanathapuram,1812.0,4349,Kamuthi,True
18,Tamil Nadu,274,South Tamil Nadu,Ramanathapuram,1812.0,4350,Mandapam,True
18,Tamil Nadu,274,South Tamil Nadu,Ramanathapuram,1812.0,4351,Mudukulathur,True
18,Tamil Nadu,274,South Tamil Nadu,Ramanathapuram,1812.0,4352,Nainarkoil,True
18,Tamil Nadu,274,South Tamil Nadu,Ramanathapuram,1812.0,4353,Paramakudi,True
18,Tamil Nadu,274,South Tamil Nadu,Ramanathapuram,1812.0,4354,R.S. Mangalam,True
18,Tamil Nadu,274,South Tamil Nadu,Ramanathapuram,1812.0,4355,Ramanathapuram,True
18,Tamil Nadu,274,South Tamil Nadu,Ramanathapuram,1812.0,4356,Thiruppullani,True
18,Tamil Nadu,274,South Tamil Nadu,Ramanathapuram,1812.0,4357,Thiruvadanai,True
18,Tamil Nadu,274,South Tamil Nadu,Sivagangai,1826.0,4358,Devakottai,True
18,Tamil Nadu,274,South Tamil Nadu,Sivagangai,1826.0,4359,Ilayangudi,True
18,Tamil Nadu,274,South Tamil Nadu,Sivagangai,1826.0,4360,Kalaiyarkoil,True
18,Tamil Nadu,274,South Tamil Nadu,Sivagangai,1826.0,4361,Kallal,True
18,Tamil Nadu,274,South Tamil Nadu,Sivagangai,1826.0,4362,Kannangudi,True
18,Tamil Nadu,274,South Tamil Nadu,Sivagangai,1826.0,4363,Manamadurai,True
18,Tamil Nadu,274,South Tamil Nadu,Sivagangai,1826.0,4364,S.Pudur,True
18,Tamil Nadu,274,South Tamil Nadu,Sivagangai,1826.0,4365,Sakkottai,True
18,Tamil Nadu,274,South Tamil Nadu,Sivagangai,1826.0,4366,Singampunari,True
18,Tamil Nadu,274,South Tamil Nadu,Sivagangai,1826.0,4367,Sivaganga,True
18,Tamil Nadu,274,South Tamil Nadu,Sivagangai,1826.0,4368,Thiruppathur,True
18,Tamil Nadu,274,South Tamil Nadu,Sivagangai,1826.0,4369,Thiruppuvanam,True
18,Tamil Nadu,274,South Tamil Nadu,Theni,1824.0,4378,Andipatti,True
18,Tamil Nadu,274,South Tamil Nadu,Theni,1824.0,4379,Bodinaickanur,True
18,Tamil Nadu,274,South Tamil Nadu,Theni,1824.0,4380,Chinnamanur,True
18,Tamil Nadu,274,South Tamil Nadu,Theni,1824.0,4381,Cumbum,True
18,Tamil Nadu,274,South Tamil Nadu,Theni,1824.0,4382,K Myladumparai,True
18,Tamil Nadu,274,South Tamil Nadu,Theni,1824.0,4383,Periyakulam,True
18,Tamil Nadu,274,South Tamil Nadu,Theni,1824.0,4384,Theni,True
18,Tamil Nadu,274,South Tamil Nadu,Theni,1824.0,4385,Uthamapalayam,True
18,Tamil Nadu,274,South Tamil Nadu,Thoothukudi,1828.0,4386,Alwarthirunagari,True
18,Tamil Nadu,274,South Tamil Nadu,Thoothukudi,1828.0,4387,Karungulam,True
18,Tamil Nadu,274,South Tamil Nadu,Thoothukudi,1828.0,4388,Kayathar,True
18,Tamil Nadu,274,South Tamil Nadu,Thoothukudi,1828.0,4389,Kovilpatti,True
18,Tamil Nadu,274,South Tamil Nadu,Thoothukudi,1828.0,4390,Ottapidaram,True
18,Tamil Nadu,274,South Tamil Nadu,Thoothukudi,1828.0,4391,Pudur,True
18,Tamil Nadu,274,South Tamil Nadu,Thoothukudi,1828.0,4392,Sattankulam,True
18,Tamil Nadu,274,South Tamil Nadu,Thoothukudi,1828.0,4393,Srivaikundam,True
18,Tamil Nadu,274,South Tamil Nadu,Thoothukudi,1828.0,4394,Thoothukudi,True
18,Tamil Nadu,274,South Tamil Nadu,Thoothukudi,1828.0,4395,Tiruchendur,True
18,Tamil Nadu,274,South Tamil Nadu,Thoothukudi,1828.0,4396,Udangudi,True
18,Tamil Nadu,274,South Tamil Nadu,Thoothukudi,1828.0,4397,Vilathikulam,True
18,Tamil Nadu,274,South Tamil Nadu,Tirunelveli,1813.0,4398,Alankulam,True
18,Tamil Nadu,274,South Tamil Nadu,Tirunelveli,1813.0,4399,Ambasamudram,True
18,Tamil Nadu,274,South Tamil Nadu,Tirunelveli,1813.0,4400,Cheranmahadevi,True
18,Tamil Nadu,274,South Tamil Nadu,Tirunelveli,1813.0,4401,Kadayam,True
18,Tamil Nadu,274,South Tamil Nadu,Tirunelveli,1813.0,4402,Kadayanallur,True
18,Tamil Nadu,274,South Tamil Nadu,Tirunelveli,1813.0,4403,Kalakadu,True
18,Tamil Nadu,274,South Tamil Nadu,Tirunelveli,1813.0,4404,Keelapavoor,True
18,Tamil Nadu,274,South Tamil Nadu,Tirunelveli,1813.0,4405,Kuruvikulam,True
18,Tamil Nadu,274,South Tamil Nadu,Tirunelveli,1813.0,4406,Manur,True
18,Tamil Nadu,274,South Tamil Nadu,Tirunelveli,1813.0,4407,Melaneelithanallur,True
18,Tamil Nadu,274,South Tamil Nadu,Tirunelveli,1813.0,4408,Nanguneri,True
18,Tamil Nadu,274,South Tamil Nadu,Tirunelveli,1813.0,4409,Palayamkottai,True
18,Tamil Nadu,274,South Tamil Nadu,Tirunelveli,1813.0,4410,Pappakudi,True
18,Tamil Nadu,274,South Tamil Nadu,Tirunelveli,1813.0,4411,Radhapuram,True
18,Tamil Nadu,274,South Tamil Nadu,Tirunelveli,1813.0,4412,Sankarankoil,True
18,Tamil Nadu,274,South Tamil Nadu,Tirunelveli,1813.0,4413,Shencottai,True
18,Tamil Nadu,274,South Tamil Nadu,Tirunelveli,1813.0,4414,Tenkasi,True
18,Tamil Nadu,274,South Tamil Nadu,Tirunelveli,1813.0,4415,Valliyoor,True
18,Tamil Nadu,274,South Tamil Nadu,Tirunelveli,1813.0,4416,Vasudevanallur,True
18,Tamil Nadu,274,South Tamil Nadu,Virudhunagar,1817.0,4417,Arupukottai,True
18,Tamil Nadu,274,South Tamil Nadu,Virudhunagar,1817.0,4418,Kariapatti,True
18,Tamil Nadu,274,South Tamil Nadu,Virudhunagar,1817.0,4419,Narikudi,True
18,Tamil Nadu,274,South Tamil Nadu,Virudhunagar,1817.0,4420,Rajapalayam,True
18,Tamil Nadu,274,South Tamil Nadu,Virudhunagar,1817.0,4421,Sattur,True
18,Tamil Nadu,274,South Tamil Nadu,Virudhunagar,1817.0,4422,Sivakasi,True
18,Tamil Nadu,274,South Tamil Nadu,Virudhunagar,1817.0,4423,Srivilliputhur,True
18,Tamil Nadu,274,South Tamil Nadu,Virudhunagar,1817.0,4424,Tiruchuli,True
18,Tamil Nadu,274,South Tamil Nadu,Virudhunagar,1817.0,4425,Vembakottai,True
18,Tamil Nadu,274,South Tamil Nadu,Virudhunagar,1817.0,4426,Virudhunagar,True
18,Tamil Nadu,274,South Tamil Nadu,Virudhunagar,1817.0,4427,Watrap,True
18,Tamil Nadu,275,West Tamil Nadu,Coimbatore,1806.0,4428,Anaimalai,True
18,Tamil Nadu,275,West Tamil Nadu,Coimbatore,1806.0,4429,Annur,True
18,Tamil Nadu,275,West Tamil Nadu,Coimbatore,1806.0,4430,Karamadai,True
18,Tamil Nadu,275,West Tamil Nadu,Coimbatore,1806.0,4431,Kinathukadavu,True
18,Tamil Nadu,275,West Tamil Nadu,Coimbatore,1806.0,4432,Madukkarai,True
18,Tamil Nadu,275,West Tamil Nadu,Coimbatore,1806.0,4433,P.N.Palayam,True
18,Tamil Nadu,275,West Tamil Nadu,Coimbatore,1806.0,4434,Pollachi(N),True
18,Tamil Nadu,275,West Tamil Nadu,Coimbatore,1806.0,4435,Pollachi(S),True
18,Tamil Nadu,275,West Tamil Nadu,Coimbatore,1806.0,4436,S.S.Kulam,True
18,Tamil Nadu,275,West Tamil Nadu,Coimbatore,1806.0,4437,Sultanpet,True
18,Tamil Nadu,275,West Tamil Nadu,Coimbatore,1806.0,4438,Sulur,True
18,Tamil Nadu,275,West Tamil Nadu,Coimbatore,1806.0,4439,Thondamuthur,True
18,Tamil Nadu,275,West Tamil Nadu,Dharmapuri,1805.0,4440,Dharmapuri,True
18,Tamil Nadu,275,West Tamil Nadu,Dharmapuri,1805.0,4441,Harur,True
18,Tamil Nadu,275,West Tamil Nadu,Dharmapuri,1805.0,4442,Karimangalam,True
18,Tamil Nadu,275,West Tamil Nadu,Dharmapuri,1805.0,4443,Morappur,True
18,Tamil Nadu,275,West Tamil Nadu,Dharmapuri,1805.0,4444,Nallampalli,True
18,Tamil Nadu,275,West Tamil Nadu,Dharmapuri,1805.0,4445,Palacode,True
18,Tamil Nadu,275,West Tamil Nadu,Dharmapuri,1805.0,4446,Pappireddipatti,True
18,Tamil Nadu,275,West Tamil Nadu,Dharmapuri,1805.0,4447,Pennagaram,True
18,Tamil Nadu,275,West Tamil Nadu,Erode,1807.0,4448,Ammapet,True
18,Tamil Nadu,275,West Tamil Nadu,Erode,1807.0,4449,Anthiyur,True
18,Tamil Nadu,275,West Tamil Nadu,Erode,1807.0,4450,Bhavani,True
18,Tamil Nadu,275,West Tamil Nadu,Erode,1807.0,4451,Bhavanisagar,True
18,Tamil Nadu,275,West Tamil Nadu,Erode,1807.0,4452,Chennimalai,True
18,Tamil Nadu,275,West Tamil Nadu,Erode,1807.0,4453,Erode,True
18,Tamil Nadu,275,West Tamil Nadu,Erode,1807.0,4454,Gobi,True
18,Tamil Nadu,275,West Tamil Nadu,Erode,1807.0,4455,Kodumudi,True
18,Tamil Nadu,275,West Tamil Nadu,Erode,1807.0,4456,Modakkuruchi,True
18,Tamil Nadu,275,West Tamil Nadu,Erode,1807.0,4457,Nambiyur,True
18,Tamil Nadu,275,West Tamil Nadu,Erode,1807.0,4458,Perundurai,True
18,Tamil Nadu,275,West Tamil Nadu,Erode,1807.0,4459,Sathy,True
18,Tamil Nadu,275,West Tamil Nadu,Erode,1807.0,4460,T.N. Palayam,True
18,Tamil Nadu,275,West Tamil Nadu,Erode,1807.0,4461,Talavadi,True
18,Tamil Nadu,275,West Tamil Nadu,Krishnagiri,1831.0,4462,Bargur,True
18,Tamil Nadu,275,West Tamil Nadu,Krishnagiri,1831.0,4463,Hosur,True
18,Tamil Nadu,275,West Tamil Nadu,Krishnagiri,1831.0,4464,Kaveripattanam,True
18,Tamil Nadu,275,West Tamil Nadu,Krishnagiri,1831.0,4465,Kelamangalam,True
18,Tamil Nadu,275,West Tamil Nadu,Krishnagiri,1831.0,4466,Krishnagiri,True
18,Tamil Nadu,275,West Tamil Nadu,Krishnagiri,1831.0,4467,Mathur,True
18,Tamil Nadu,275,West Tamil Nadu,Krishnagiri,1831.0,4468,Shoolagiri,True
18,Tamil Nadu,275,West Tamil Nadu,Krishnagiri,1831.0,4469,Thally,True
18,Tamil Nadu,275,West Tamil Nadu,Krishnagiri,1831.0,4470,Uthangarai,True
18,Tamil Nadu,275,West Tamil Nadu,Krishnagiri,1831.0,4471,Veppanapalli,True
18,Tamil Nadu,275,West Tamil Nadu,Namakkal,1818.0,4472,Elacipalayam,True
18,Tamil Nadu,275,West Tamil Nadu,Namakkal,1818.0,4473,Erumapatty,True
18,Tamil Nadu,275,West Tamil Nadu,Namakkal,1818.0,4474,Kabilarmalai,True
18,Tamil Nadu,275,West Tamil Nadu,Namakkal,1818.0,4475,Kollihills,True
18,Tamil Nadu,275,West Tamil Nadu,Namakkal,1818.0,4476,Mallasamudram,True
18,Tamil Nadu,275,West Tamil Nadu,Namakkal,1818.0,4477,Mohanur,True
18,Tamil Nadu,275,West Tamil Nadu,Namakkal,1818.0,4478,Namagiripet,True
18,Tamil Nadu,275,West Tamil Nadu,Namakkal,1818.0,4479,Namakkal,True
18,Tamil Nadu,275,West Tamil Nadu,Namakkal,1818.0,4480,Pallipalayam,True
18,Tamil Nadu,275,West Tamil Nadu,Namakkal,1818.0,4481,Paramathy,True
18,Tamil Nadu,275,West Tamil Nadu,Namakkal,1818.0,4482,Puduchatram,True
18,Tamil Nadu,275,West Tamil Nadu,Namakkal,1818.0,4483,Rasipuram,True
18,Tamil Nadu,275,West Tamil Nadu,Namakkal,1818.0,4484,Sendamangalam,True
18,Tamil Nadu,275,West Tamil Nadu,Namakkal,1818.0,4485,Tiruchengode,True
18,Tamil Nadu,275,West Tamil Nadu,Namakkal,1818.0,4486,Vennandur,True
18,Tamil Nadu,275,West Tamil Nadu,Salem,1804.0,4487,Attur,True
18,Tamil Nadu,275,West Tamil Nadu,Salem,1804.0,4488,Ayothiyapattinam,True
18,Tamil Nadu,275,West Tamil Nadu,Salem,1804.0,4489,Gangavalli,True
18,Tamil Nadu,275,West Tamil Nadu,Salem,1804.0,4490,Idappady,True
18,Tamil Nadu,275,West Tamil Nadu,Salem,1804.0,4491,Kadayampatti,True
18,Tamil Nadu,275,West Tamil Nadu,Salem,1804.0,4492,Kolathur,True
18,Tamil Nadu,275,West Tamil Nadu,Salem,1804.0,4493,Konganapuram,True
18,Tamil Nadu,275,West Tamil Nadu,Salem,1804.0,4494,Mac. Choultry,True
18,Tamil Nadu,275,West Tamil Nadu,Salem,1804.0,4495,Mecheri,True
18,Tamil Nadu,275,West Tamil Nadu,Salem,1804.0,4496,Nangavalli,True
18,Tamil Nadu,275,West Tamil Nadu,Salem,1804.0,4497,Omalur,True
18,Tamil Nadu,275,West Tamil Nadu,Salem,1804.0,4498,P.N.Palayam,True
18,Tamil Nadu,275,West Tamil Nadu,Salem,1804.0,4499,Panamarathupatti,True
18,Tamil Nadu,275,West Tamil Nadu,Salem,1804.0,4500,Salem,True
18,Tamil Nadu,275,West Tamil Nadu,Salem,1804.0,4501,Sankari,True
18,Tamil Nadu,275,West Tamil Nadu,Salem,1804.0,4502,Thalaivasal,True
18,Tamil Nadu,275,West Tamil Nadu,Salem,1804.0,4503,Tharamangalam,True
18,Tamil Nadu,275,West Tamil Nadu,Salem,1804.0,4504,Valapady,True
18,Tamil Nadu,275,West Tamil Nadu,Salem,1804.0,4505,Veerapandy,True
18,Tamil Nadu,275,West Tamil Nadu,Salem,1804.0,4506,Yercaud,True
18,Tamil Nadu,275,West Tamil Nadu,The Nilgiris,1814.0,4507,Coonoor,True
18,Tamil Nadu,275,West Tamil Nadu,The Nilgiris,1814.0,4508,Gudalur,True
18,Tamil Nadu,275,West Tamil Nadu,The Nilgiris,1814.0,4509,Kotagiri,True
18,Tamil Nadu,275,West Tamil Nadu,The Nilgiris,1814.0,4510,Udhagai,True
18,Tamil Nadu,275,West Tamil Nadu,Tiruppur,1832.0,4511,Avanashi,True
18,Tamil Nadu,275,West Tamil Nadu,Tiruppur,1832.0,4512,Avinashi,True
18,Tamil Nadu,275,West Tamil Nadu,Tiruppur,1832.0,4513,Dharapuram,True
18,Tamil Nadu,275,West Tamil Nadu,Tiruppur,1832.0,4515,Gudimangalam,True
18,Tamil Nadu,275,West Tamil Nadu,Tiruppur,1832.0,4516,Kangayam,True
18,Tamil Nadu,275,West Tamil Nadu,Tiruppur,1832.0,4518,Kundadam,True
18,Tamil Nadu,275,West Tamil Nadu,Tiruppur,1832.0,4519,Madathukulam,True
18,Tamil Nadu,275,West Tamil Nadu,Tiruppur,1832.0,4521,Mulanur,True
18,Tamil Nadu,275,West Tamil Nadu,Tiruppur,1832.0,4522,Palladam,True
18,Tamil Nadu,275,West Tamil Nadu,Tiruppur,1832.0,4524,Pongalur,True
18,Tamil Nadu,275,West Tamil Nadu,Tiruppur,1832.0,4525,Tiruppur,True
18,Tamil Nadu,275,West Tamil Nadu,Tiruppur,1832.0,4529,Udumalpet,True
18,Tamil Nadu,275,West Tamil Nadu,Tiruppur,1832.0,4531,Vellakoil,True
26,Telangana,276,Basara (Zone 2),Adilabad,123.0,4532,Adilabad,True
26,Telangana,276,Basara (Zone 2),Adilabad,123.0,4533,Asifabad,True
26,Telangana,276,Basara (Zone 2),Adilabad,123.0,4534,Bazarhatnoor,True
26,Telangana,276,Basara (Zone 2),Adilabad,123.0,4535,Bejjur,True
26,Telangana,276,Basara (Zone 2),Adilabad,123.0,4536,Bela,True
26,Telangana,276,Basara (Zone 2),Adilabad,123.0,4537,Bellampalle,True
26,Telangana,276,Basara (Zone 2),Adilabad,123.0,4538,Bhainsa,True
26,Telangana,276,Basara (Zone 2),Adilabad,123.0,4539,Bhimini,True
26,Telangana,276,Basara (Zone 2),Adilabad,123.0,4540,Boath,True
26,Telangana,276,Basara (Zone 2),Adilabad,123.0,4541,Chennur,True
26,Telangana,276,Basara (Zone 2),Adilabad,123.0,4542,Dahegaon,True
26,Telangana,276,Basara (Zone 2),Adilabad,123.0,4543,Dandepalle,True
26,Telangana,276,Basara (Zone 2),Adilabad,123.0,4544,Dilawarpur,True
26,Telangana,276,Basara (Zone 2),Adilabad,123.0,4545,Gudihatnoor,True
26,Telangana,276,Basara (Zone 2),Adilabad,123.0,4546,Ichoda,True
26,Telangana,276,Basara (Zone 2),Adilabad,123.0,4547,Indervelly,True
26,Telangana,276,Basara (Zone 2),Adilabad,123.0,4548,Jainad,True
26,Telangana,276,Basara (Zone 2),Adilabad,123.0,4549,Jainoor,True
26,Telangana,276,Basara (Zone 2),Adilabad,123.0,4550,Jaipur,True
26,Telangana,276,Basara (Zone 2),Adilabad,123.0,4551,Jannaram,True
26,Telangana,276,Basara (Zone 2),Adilabad,123.0,4552,Kaddam (Peddur),True
26,Telangana,276,Basara (Zone 2),Adilabad,123.0,4553,Kaghaznagar,True
26,Telangana,276,Basara (Zone 2),Adilabad,123.0,4554,Kasipet,True
26,Telangana,276,Basara (Zone 2),Adilabad,123.0,4555,Kerameri,True
26,Telangana,276,Basara (Zone 2),Adilabad,123.0,4556,Khanapur,True
26,Telangana,276,Basara (Zone 2),Adilabad,123.0,4557,Kotapalle,True
26,Telangana,276,Basara (Zone 2),Adilabad,123.0,4558,Koutala,True
26,Telangana,276,Basara (Zone 2),Adilabad,123.0,4559,Kubeer,True
26,Telangana,276,Basara (Zone 2),Adilabad,123.0,4560,Kuntala,True
26,Telangana,276,Basara (Zone 2),Adilabad,123.0,4561,Laxmanchanda,True
26,Telangana,276,Basara (Zone 2),Adilabad,123.0,4562,Lokeshwaram,True
26,Telangana,276,Basara (Zone 2),Adilabad,123.0,4563,Luxettipet,True
26,Telangana,276,Basara (Zone 2),Adilabad,123.0,4564,Mamda,True
26,Telangana,276,Basara (Zone 2),Adilabad,123.0,4565,Mancherial,True
26,Telangana,276,Basara (Zone 2),Adilabad,123.0,4566,Mandamarri,True
26,Telangana,276,Basara (Zone 2),Adilabad,123.0,4567,Mudhole,True
26,Telangana,276,Basara (Zone 2),Adilabad,123.0,4568,Narnoor,True
26,Telangana,276,Basara (Zone 2),Adilabad,123.0,4569,Neeradigonda,True
26,Telangana,276,Basara (Zone 2),Adilabad,123.0,4570,Nennel,True
26,Telangana,276,Basara (Zone 2),Adilabad,123.0,4571,Nirmal,True
26,Telangana,276,Basara (Zone 2),Adilabad,123.0,4572,Rebbena,True
26,Telangana,276,Basara (Zone 2),Adilabad,123.0,4573,Sarangapur,True
26,Telangana,276,Basara (Zone 2),Adilabad,123.0,4574,Sirpur,True
26,Telangana,276,Basara (Zone 2),Adilabad,123.0,4575,Sirpur (T),True
26,Telangana,276,Basara (Zone 2),Adilabad,123.0,4576,Talamadugu,True
26,Telangana,276,Basara (Zone 2),Adilabad,123.0,4577,Tamsi,True
26,Telangana,276,Basara (Zone 2),Adilabad,123.0,4578,Tandur,True
26,Telangana,276,Basara (Zone 2),Adilabad,123.0,4579,Thanoor,True
26,Telangana,276,Basara (Zone 2),Adilabad,123.0,4580,Tiryani,True
26,Telangana,276,Basara (Zone 2),Adilabad,123.0,4581,Utnoor,True
26,Telangana,276,Basara (Zone 2),Adilabad,123.0,4582,Vemanpalle,True
26,Telangana,276,Basara (Zone 2),Adilabad,123.0,4583,Wankidi,True
26,Telangana,276,Basara (Zone 2),Jagtiyal,125.0,4584,Medipalli,True
26,Telangana,276,Basara (Zone 2),Nirmal,135.0,4585,Basar,True
26,Telangana,276,Basara (Zone 2),Nirmal,135.0,4586,Bhainsa,True
26,Telangana,276,Basara (Zone 2),Nirmal,135.0,4587,Dasturabad,True
26,Telangana,276,Basara (Zone 2),Nirmal,135.0,4588,Dilwarpur,True
26,Telangana,276,Basara (Zone 2),Nirmal,135.0,4589,Kaddam,True
26,Telangana,276,Basara (Zone 2),Nirmal,135.0,4590,Khanapur,True
26,Telangana,276,Basara (Zone 2),Nirmal,135.0,4591,Kubeer,True
26,Telangana,276,Basara (Zone 2),Nirmal,135.0,4592,Kuntala,True
26,Telangana,276,Basara (Zone 2),Nirmal,135.0,4593,Laxmanchanda,True
26,Telangana,276,Basara (Zone 2),Nirmal,135.0,4594,Lokeswaram,True
26,Telangana,276,Basara (Zone 2),Nirmal,135.0,4595,Mamda,True
26,Telangana,276,Basara (Zone 2),Nirmal,135.0,4596,Mudhole,True
26,Telangana,276,Basara (Zone 2),Nirmal,135.0,4597,Narsapur G,True
26,Telangana,276,Basara (Zone 2),Nirmal,135.0,4598,Nirmal Rural,True
26,Telangana,276,Basara (Zone 2),Nirmal,135.0,4599,Pembi,True
26,Telangana,276,Basara (Zone 2),Nirmal,135.0,4600,Sarangapur,True
26,Telangana,276,Basara (Zone 2),Nirmal,135.0,4601,Soan,True
26,Telangana,276,Basara (Zone 2),Nirmal,135.0,4602,Tanoor,True
26,Telangana,276,Basara (Zone 2),Nizamabad,116.0,4603,Armur,True
26,Telangana,276,Basara (Zone 2),Nizamabad,116.0,4604,Balkonda,True
26,Telangana,276,Basara (Zone 2),Nizamabad,116.0,4605,Banswada,True
26,Telangana,276,Basara (Zone 2),Nizamabad,116.0,4606,Bheemgal,True
26,Telangana,276,Basara (Zone 2),Nizamabad,116.0,4607,Bhiknur,True
26,Telangana,276,Basara (Zone 2),Nizamabad,116.0,4608,Bichkunda,True
26,Telangana,276,Basara (Zone 2),Nizamabad,116.0,4609,Birkoor,True
26,Telangana,276,Basara (Zone 2),Nizamabad,116.0,4610,Bodhan,True
26,Telangana,276,Basara (Zone 2),Nizamabad,116.0,4611,Dharpalle,True
26,Telangana,276,Basara (Zone 2),Nizamabad,116.0,4612,Dichpalle,True
26,Telangana,276,Basara (Zone 2),Nizamabad,116.0,4613,Domakonda,True
26,Telangana,276,Basara (Zone 2),Nizamabad,116.0,4614,Gandhari,True
26,Telangana,276,Basara (Zone 2),Nizamabad,116.0,4615,Jakranpalle,True
26,Telangana,276,Basara (Zone 2),Nizamabad,116.0,4616,Jukkal,True
26,Telangana,276,Basara (Zone 2),Nizamabad,116.0,4617,Kamareddy,True
26,Telangana,276,Basara (Zone 2),Nizamabad,116.0,4618,Kammar palle,True
26,Telangana,276,Basara (Zone 2),Nizamabad,116.0,4619,Kotgiri,True
26,Telangana,276,Basara (Zone 2),Nizamabad,116.0,4620,Lingampet,True
26,Telangana,276,Basara (Zone 2),Nizamabad,116.0,4621,Machareddy,True
26,Telangana,276,Basara (Zone 2),Nizamabad,116.0,4622,Madnoor,True
26,Telangana,276,Basara (Zone 2),Nizamabad,116.0,4623,Makloor,True
26,Telangana,276,Basara (Zone 2),Nizamabad,116.0,4624,Mortad,True
26,Telangana,276,Basara (Zone 2),Nizamabad,116.0,4625,Nagareddypet,True
26,Telangana,276,Basara (Zone 2),Nizamabad,116.0,4626,Nandipet,True
26,Telangana,276,Basara (Zone 2),Nizamabad,116.0,4627,Navipet,True
26,Telangana,276,Basara (Zone 2),Nizamabad,116.0,4628,Nizamabad,True
26,Telangana,276,Basara (Zone 2),Nizamabad,116.0,4629,Nizamsagar,True
26,Telangana,276,Basara (Zone 2),Nizamabad,116.0,4630,Pitlam,True
26,Telangana,276,Basara (Zone 2),Nizamabad,116.0,4631,Ranjal,True
26,Telangana,276,Basara (Zone 2),Nizamabad,116.0,4632,Sadasivanagar,True
26,Telangana,276,Basara (Zone 2),Nizamabad,116.0,4633,Sirkonda,True
26,Telangana,276,Basara (Zone 2),Nizamabad,116.0,4634,Tadwai,True
26,Telangana,276,Basara (Zone 2),Nizamabad,116.0,4635,Varni,True
26,Telangana,276,Basara (Zone 2),Nizamabad,116.0,4636,Velpur,True
26,Telangana,276,Basara (Zone 2),Nizamabad,116.0,4637,Yedpalle,True
26,Telangana,276,Basara (Zone 2),Nizamabad,116.0,4638,Yellareddy,True
26,Telangana,277,Bhadradri (Zone 4),Bhadradri Kothagudem,124.0,4639,burgampahad,True
26,Telangana,277,Bhadradri (Zone 4),Bhadradri Kothagudem,124.0,4640,gundala,True
26,Telangana,277,Bhadradri (Zone 4),Bhadradri Kothagudem,124.0,4641,manuguru,True
26,Telangana,277,Bhadradri (Zone 4),Bhadradri Kothagudem,124.0,4642,tekulapalli,True
26,Telangana,277,Bhadradri (Zone 4),Bhadradri Kothagudem,124.0,4643,yellandu,True
26,Telangana,277,Bhadradri (Zone 4),Komaram Bheem Asifabad,130.0,4644,Asifabad,True
26,Telangana,277,Bhadradri (Zone 4),Komaram Bheem Asifabad,130.0,4645,Jainoor,True
26,Telangana,277,Bhadradri (Zone 4),Komaram Bheem Asifabad,130.0,4646,Kerameri,True
26,Telangana,277,Bhadradri (Zone 4),Komaram Bheem Asifabad,130.0,4647,Lingapur,True
26,Telangana,277,Bhadradri (Zone 4),Komaram Bheem Asifabad,130.0,4648,Rebbena,True
26,Telangana,277,Bhadradri (Zone 4),Komaram Bheem Asifabad,130.0,4649,Sirpur (U),True
26,Telangana,277,Bhadradri (Zone 4),Komaram Bheem Asifabad,130.0,4650,Tiryani,True
26,Telangana,277,Bhadradri (Zone 4),Komaram Bheem Asifabad,130.0,4651,Wankidi,True
26,Telangana,277,Bhadradri (Zone 4),Mahabubabad,131.0,4652,Bayyaram,True
26,Telangana,277,Bhadradri (Zone 4),Mahabubabad,131.0,4653,Chinnagudur,True
26,Telangana,277,Bhadradri (Zone 4),Mahabubabad,131.0,4654,Danthalapalle,True
26,Telangana,277,Bhadradri (Zone 4),Mahabubabad,131.0,4655,Dornakal,True
26,Telangana,277,Bhadradri (Zone 4),Mahabubabad,131.0,4656,Gangaram,True
26,Telangana,277,Bhadradri (Zone 4),Mahabubabad,131.0,4657,Garla,True
26,Telangana,277,Bhadradri (Zone 4),Mahabubabad,131.0,4658,Gudur,True
26,Telangana,277,Bhadradri (Zone 4),Mahabubabad,131.0,4659,Kesamudram,True
26,Telangana,277,Bhadradri (Zone 4),Mahabubabad,131.0,4660,Kothaguda,True
26,Telangana,277,Bhadradri (Zone 4),Mahabubabad,131.0,4661,Kuravi,True
26,Telangana,277,Bhadradri (Zone 4),Mahabubabad,131.0,4662,Mahabubabad,True
26,Telangana,277,Bhadradri (Zone 4),Mahabubabad,131.0,4663,Maripeda,True
26,Telangana,277,Bhadradri (Zone 4),Mahabubabad,131.0,4664,Narsimhulapet,True
26,Telangana,277,Bhadradri (Zone 4),Mahabubabad,131.0,4665,Nellikudur,True
26,Telangana,277,Bhadradri (Zone 4),Mahabubabad,131.0,4666,Peddavangara,True
26,Telangana,277,Bhadradri (Zone 4),Mahabubabad,131.0,4667,Thorrur,True
26,Telangana,277,Bhadradri (Zone 4),Warangal,120.0,4668,Atmakur,True
26,Telangana,277,Bhadradri (Zone 4),Warangal,120.0,4669,Bachannapet,True
26,Telangana,277,Bhadradri (Zone 4),Warangal,120.0,4670,Bhupalpalle,True
26,Telangana,277,Bhadradri (Zone 4),Warangal,120.0,4671,Chennaraopet,True
26,Telangana,277,Bhadradri (Zone 4),Warangal,120.0,4672,Cherial,True
26,Telangana,277,Bhadradri (Zone 4),Warangal,120.0,4673,Chityal,True
26,Telangana,277,Bhadradri (Zone 4),Warangal,120.0,4674,Devaruppula,True
26,Telangana,277,Bhadradri (Zone 4),Warangal,120.0,4675,Dharamsagar,True
26,Telangana,277,Bhadradri (Zone 4),Warangal,120.0,4676,Duggondi,True
26,Telangana,277,Bhadradri (Zone 4),Warangal,120.0,4677,Eturnagaram,True
26,Telangana,277,Bhadradri (Zone 4),Warangal,120.0,4678,Geesugonda,True
26,Telangana,277,Bhadradri (Zone 4),Warangal,120.0,4679,Ghanpur (Mulug),True
26,Telangana,277,Bhadradri (Zone 4),Warangal,120.0,4680,Ghanpur (Station),True
26,Telangana,277,Bhadradri (Zone 4),Warangal,120.0,4681,Govindaraopet,True
26,Telangana,277,Bhadradri (Zone 4),Warangal,120.0,4682,Gudur,True
26,Telangana,277,Bhadradri (Zone 4),Warangal,120.0,4683,Hanamkonda,True
26,Telangana,277,Bhadradri (Zone 4),Warangal,120.0,4684,Hasanparthy,True
26,Telangana,277,Bhadradri (Zone 4),Warangal,120.0,4685,Jangaon,True
26,Telangana,277,Bhadradri (Zone 4),Warangal,120.0,4686,Kesamudram,True
26,Telangana,277,Bhadradri (Zone 4),Warangal,120.0,4687,Khanapur,True
26,Telangana,277,Bhadradri (Zone 4),Warangal,120.0,4688,Kodakandla,True
26,Telangana,277,Bhadradri (Zone 4),Warangal,120.0,4689,Kothagudem,True
26,Telangana,277,Bhadradri (Zone 4),Warangal,120.0,4690,Kuravi,True
26,Telangana,277,Bhadradri (Zone 4),Warangal,120.0,4691,Lingalaghanpur,True
26,Telangana,277,Bhadradri (Zone 4),Warangal,120.0,4692,Maddur,True
26,Telangana,277,Bhadradri (Zone 4),Warangal,120.0,4693,Mahabubabad,True
26,Telangana,277,Bhadradri (Zone 4),Warangal,120.0,4694,Mangapet,True
26,Telangana,277,Bhadradri (Zone 4),Warangal,120.0,4695,Maripeda,True
26,Telangana,277,Bhadradri (Zone 4),Warangal,120.0,4696,Mogullapalle,True
26,Telangana,277,Bhadradri (Zone 4),Warangal,120.0,4697,Mulug,True
26,Telangana,277,Bhadradri (Zone 4),Warangal,120.0,4698,Nallabelly,True
26,Telangana,277,Bhadradri (Zone 4),Warangal,120.0,4699,Narmetta,True
26,Telangana,277,Bhadradri (Zone 4),Warangal,120.0,4700,Narsampet,True
26,Telangana,277,Bhadradri (Zone 4),Warangal,120.0,4701,Narsimhulapet,True
26,Telangana,277,Bhadradri (Zone 4),Warangal,120.0,4702,Nekkonda,True
26,Telangana,277,Bhadradri (Zone 4),Warangal,120.0,4703,Nellikudur,True
26,Telangana,277,Bhadradri (Zone 4),Warangal,120.0,4704,Palakurthi,True
26,Telangana,277,Bhadradri (Zone 4),Warangal,120.0,4705,Parakal,True
26,Telangana,277,Bhadradri (Zone 4),Warangal,120.0,4706,Parvathagiri,True
26,Telangana,277,Bhadradri (Zone 4),Warangal,120.0,4707,Raghunathpalle,True
26,Telangana,277,Bhadradri (Zone 4),Warangal,120.0,4708,Raiparthy,True
26,Telangana,277,Bhadradri (Zone 4),Warangal,120.0,4709,Regonda,True
26,Telangana,277,Bhadradri (Zone 4),Warangal,120.0,4710,Sangam,True
26,Telangana,277,Bhadradri (Zone 4),Warangal,120.0,4711,Shyampet,True
26,Telangana,277,Bhadradri (Zone 4),Warangal,120.0,4712,Tadvai,True
26,Telangana,277,Bhadradri (Zone 4),Warangal,120.0,4713,Thorrur,True
26,Telangana,277,Bhadradri (Zone 4),Warangal,120.0,4714,Venkatapur,True
26,Telangana,277,Bhadradri (Zone 4),Warangal,120.0,4715,Warangal,True
26,Telangana,277,Bhadradri (Zone 4),Warangal,120.0,4716,Wardhanna pet,True
26,Telangana,277,Bhadradri (Zone 4),Warangal,120.0,4717,Zaffergadh,True
26,Telangana,277,Bhadradri (Zone 4),Warangal Rural,120.0,4718,Atmakur,True
26,Telangana,277,Bhadradri (Zone 4),Warangal Rural,120.0,4719,Chennaraopet,True
26,Telangana,277,Bhadradri (Zone 4),Warangal Rural,120.0,4720,Damera,True
26,Telangana,277,Bhadradri (Zone 4),Warangal Rural,120.0,4721,Duggondi,True
26,Telangana,277,Bhadradri (Zone 4),Warangal Rural,120.0,4722,Geesugonda,True
26,Telangana,277,Bhadradri (Zone 4),Warangal Rural,120.0,4723,Khanapur,True
26,Telangana,277,Bhadradri (Zone 4),Warangal Rural,120.0,4724,Nadikuda,True
26,Telangana,277,Bhadradri (Zone 4),Warangal Rural,120.0,4725,Nalla Belli,True
26,Telangana,277,Bhadradri (Zone 4),Warangal Rural,120.0,4726,Narsampet,True
26,Telangana,277,Bhadradri (Zone 4),Warangal Rural,120.0,4727,Nekkonda,True
26,Telangana,277,Bhadradri (Zone 4),Warangal Rural,120.0,4728,Parkal,True
26,Telangana,277,Bhadradri (Zone 4),Warangal Rural,120.0,4729,Parvathagiri,True
26,Telangana,277,Bhadradri (Zone 4),Warangal Rural,120.0,4730,Raiparthy,True
26,Telangana,277,Bhadradri (Zone 4),Warangal Rural,120.0,4731,Sangem,True
26,Telangana,277,Bhadradri (Zone 4),Warangal Rural,120.0,4732,Shayampet,True
26,Telangana,277,Bhadradri (Zone 4),Warangal Rural,120.0,4733,Wardhanna Pet,True
26,Telangana,277,Bhadradri (Zone 4),Warangal Urban,143.0,4734,Bheemadevarapalli,True
26,Telangana,277,Bhadradri (Zone 4),Warangal Urban,143.0,4735,Dharmasagar,True
26,Telangana,277,Bhadradri (Zone 4),Warangal Urban,143.0,4736,Elkathurthi,True
26,Telangana,277,Bhadradri (Zone 4),Warangal Urban,143.0,4737,Hanamkonda,True
26,Telangana,277,Bhadradri (Zone 4),Warangal Urban,143.0,4738,Hasanparthy,True
26,Telangana,277,Bhadradri (Zone 4),Warangal Urban,143.0,4739,Inavole,True
26,Telangana,277,Bhadradri (Zone 4),Warangal Urban,143.0,4740,Kamalapur,True
26,Telangana,277,Bhadradri (Zone 4),Warangal Urban,143.0,4741,Khazipet,True
26,Telangana,277,Bhadradri (Zone 4),Warangal Urban,143.0,4742,Khila Warangal,True
26,Telangana,277,Bhadradri (Zone 4),Warangal Urban,143.0,4743,Velair,True
26,Telangana,277,Bhadradri (Zone 4),Warangal Urban,143.0,4744,Warangal,True
26,Telangana,278,Charminar (Zone 6),Medchal,133.0,4761,alwal,True
26,Telangana,278,Charminar (Zone 6),Medchal,133.0,4762,bachupally,True
26,Telangana,278,Charminar (Zone 6),Medchal,133.0,4763,balanagar,True
26,Telangana,278,Charminar (Zone 6),Medchal,133.0,4764,Dundigal Gandimaisamma,True
26,Telangana,278,Charminar (Zone 6),Medchal,133.0,4765,ghatkesar,True
26,Telangana,278,Charminar (Zone 6),Medchal,133.0,4766,kapra,True
26,Telangana,278,Charminar (Zone 6),Medchal,133.0,4767,keesara,True
26,Telangana,278,Charminar (Zone 6),Medchal,133.0,4768,kukatpally,True
26,Telangana,278,Charminar (Zone 6),Medchal,133.0,4769,kukatpally,True
26,Telangana,278,Charminar (Zone 6),Medchal,133.0,4770,malkajgiri,True
26,Telangana,278,Charminar (Zone 6),Medchal,133.0,4771,medchal,True
26,Telangana,278,Charminar (Zone 6),Medchal,133.0,4772,medipally,True
26,Telangana,278,Charminar (Zone 6),Medchal,133.0,4773,qutballapur,True
26,Telangana,278,Charminar (Zone 6),Medchal,133.0,4774,quthubullapur,True
26,Telangana,278,Charminar (Zone 6),Medchal,133.0,4775,shamirpet,True
26,Telangana,278,Charminar (Zone 6),Medchal,133.0,4776,uppal,True
26,Telangana,278,Charminar (Zone 6),Rangareddy,114.0,4777,Balanagar,True
26,Telangana,278,Charminar (Zone 6),Rangareddy,114.0,4778,Bantwaram,True
26,Telangana,278,Charminar (Zone 6),Rangareddy,114.0,4779,Basheerabad,True
26,Telangana,278,Charminar (Zone 6),Rangareddy,114.0,4780,Chevella,True
26,Telangana,278,Charminar (Zone 6),Rangareddy,114.0,4781,Dharur,True
26,Telangana,278,Charminar (Zone 6),Rangareddy,114.0,4782,Doma,True
26,Telangana,278,Charminar (Zone 6),Rangareddy,114.0,4783,Gandeed,True
26,Telangana,278,Charminar (Zone 6),Rangareddy,114.0,4784,Ghatkesar,True
26,Telangana,278,Charminar (Zone 6),Rangareddy,114.0,4785,Hayathnagar,True
26,Telangana,278,Charminar (Zone 6),Rangareddy,114.0,4786,Ibrahimpatnam,True
26,Telangana,278,Charminar (Zone 6),Rangareddy,114.0,4787,Kandukur,True
26,Telangana,278,Charminar (Zone 6),Rangareddy,114.0,4788,Keesara,True
26,Telangana,278,Charminar (Zone 6),Rangareddy,114.0,4789,Kulkacharla,True
26,Telangana,278,Charminar (Zone 6),Rangareddy,114.0,4790,Maheswaram,True
26,Telangana,278,Charminar (Zone 6),Rangareddy,114.0,4791,Malkajgiri,True
26,Telangana,278,Charminar (Zone 6),Rangareddy,114.0,4792,Manchal,True
26,Telangana,278,Charminar (Zone 6),Rangareddy,114.0,4793,Marpalle,True
26,Telangana,278,Charminar (Zone 6),Rangareddy,114.0,4794,Medchal,True
26,Telangana,278,Charminar (Zone 6),Rangareddy,114.0,4795,Moinabad,True
26,Telangana,278,Charminar (Zone 6),Rangareddy,114.0,4796,Mominpet,True
26,Telangana,278,Charminar (Zone 6),Rangareddy,114.0,4797,Nawabpet,True
26,Telangana,278,Charminar (Zone 6),Rangareddy,114.0,4798,Pargi,True
26,Telangana,278,Charminar (Zone 6),Rangareddy,114.0,4799,Peddemul,True
26,Telangana,278,Charminar (Zone 6),Rangareddy,114.0,4800,Pudur,True
26,Telangana,278,Charminar (Zone 6),Rangareddy,114.0,4801,Quthbullapur,True
26,Telangana,278,Charminar (Zone 6),Rangareddy,114.0,4802,Rajendranagar,True
26,Telangana,278,Charminar (Zone 6),Rangareddy,114.0,4803,Saroornagar,True
26,Telangana,278,Charminar (Zone 6),Rangareddy,114.0,4804,Serilingampalle,True
26,Telangana,278,Charminar (Zone 6),Rangareddy,114.0,4805,Shabad,True
26,Telangana,278,Charminar (Zone 6),Rangareddy,114.0,4806,Shamirpet,True
26,Telangana,278,Charminar (Zone 6),Rangareddy,114.0,4807,Shamshabad,True
26,Telangana,278,Charminar (Zone 6),Rangareddy,114.0,4808,Shankarpalle,True
26,Telangana,278,Charminar (Zone 6),Rangareddy,114.0,4809,Tandur,True
26,Telangana,278,Charminar (Zone 6),Rangareddy,114.0,4810,Uppal kalan,True
26,Telangana,278,Charminar (Zone 6),Rangareddy,114.0,4811,Vicarabad,True
26,Telangana,278,Charminar (Zone 6),Rangareddy,114.0,4812,Yacharam,True
26,Telangana,278,Charminar (Zone 6),Rangareddy,114.0,4813,Yalal,True
26,Telangana,278,Charminar (Zone 6),Sangareddy,138.0,4814,gummadidala,True
26,Telangana,278,Charminar (Zone 6),Sangareddy,138.0,4815,hathnoora,True
26,Telangana,278,Charminar (Zone 6),Sangareddy,138.0,4816,patancheru,True
26,Telangana,278,Charminar (Zone 6),Sangareddy,138.0,4817,sadasivpet,True
26,Telangana,278,Charminar (Zone 6),Sangareddy,138.0,4818,sangareddy,True
26,Telangana,278,Charminar (Zone 6),Vikarabad,141.0,4819,Pargi,True
26,Telangana,279,Jogulamba (Zone 7),Jogulambha,128.0,4820,Manopad,True
26,Telangana,279,Jogulamba (Zone 7),Mahabubnagar,118.0,4821,Achampet,True
26,Telangana,279,Jogulamba (Zone 7),Mahabubnagar,118.0,4822,Addakal,True
26,Telangana,279,Jogulamba (Zone 7),Mahabubnagar,118.0,4823,Aiza,True
26,Telangana,279,Jogulamba (Zone 7),Mahabubnagar,118.0,4824,Alampur,True
26,Telangana,279,Jogulamba (Zone 7),Mahabubnagar,118.0,4825,Amangal,True
26,Telangana,279,Jogulamba (Zone 7),Mahabubnagar,118.0,4826,Amrabad,True
26,Telangana,279,Jogulamba (Zone 7),Mahabubnagar,118.0,4827,Atmakur,True
26,Telangana,279,Jogulamba (Zone 7),Mahabubnagar,118.0,4828,Balanagar,True
26,Telangana,279,Jogulamba (Zone 7),Mahabubnagar,118.0,4829,Balmoor,True
26,Telangana,279,Jogulamba (Zone 7),Mahabubnagar,118.0,4830,Bhoothpur,True
26,Telangana,279,Jogulamba (Zone 7),Mahabubnagar,118.0,4831,Bijinapalle,True
26,Telangana,279,Jogulamba (Zone 7),Mahabubnagar,118.0,4832,Bomraspet,True
26,Telangana,279,Jogulamba (Zone 7),Mahabubnagar,118.0,4833,Chinnachintakunta,True
26,Telangana,279,Jogulamba (Zone 7),Mahabubnagar,118.0,4834,Damaragidda,True
26,Telangana,279,Jogulamba (Zone 7),Mahabubnagar,118.0,4835,Devarkadra,True
26,Telangana,279,Jogulamba (Zone 7),Mahabubnagar,118.0,4836,Dhanwada,True
26,Telangana,279,Jogulamba (Zone 7),Mahabubnagar,118.0,4837,Dharur,True
26,Telangana,279,Jogulamba (Zone 7),Mahabubnagar,118.0,4838,Doulathabad,True
26,Telangana,279,Jogulamba (Zone 7),Mahabubnagar,118.0,4839,Farooqnagar,True
26,Telangana,279,Jogulamba (Zone 7),Mahabubnagar,118.0,4840,Gadwal,True
26,Telangana,279,Jogulamba (Zone 7),Mahabubnagar,118.0,4841,Ghanpur,True
26,Telangana,279,Jogulamba (Zone 7),Mahabubnagar,118.0,4842,Ghattu,True
26,Telangana,279,Jogulamba (Zone 7),Mahabubnagar,118.0,4843,Gopalpeta,True
26,Telangana,279,Jogulamba (Zone 7),Mahabubnagar,118.0,4844,Hanwada,True
26,Telangana,279,Jogulamba (Zone 7),Mahabubnagar,118.0,4845,Itikyal,True
26,Telangana,279,Jogulamba (Zone 7),Mahabubnagar,118.0,4846,Jadcharla,True
26,Telangana,279,Jogulamba (Zone 7),Mahabubnagar,118.0,4847,Kalwakurthy,True
26,Telangana,279,Jogulamba (Zone 7),Mahabubnagar,118.0,4848,Keshampet,True
26,Telangana,279,Jogulamba (Zone 7),Mahabubnagar,118.0,4849,Kodair,True
26,Telangana,279,Jogulamba (Zone 7),Mahabubnagar,118.0,4850,Kodangal,True
26,Telangana,279,Jogulamba (Zone 7),Mahabubnagar,118.0,4851,Koilkonda,True
26,Telangana,279,Jogulamba (Zone 7),Mahabubnagar,118.0,4852,Kollapur,True
26,Telangana,279,Jogulamba (Zone 7),Mahabubnagar,118.0,4853,Kondurg,True
26,Telangana,279,Jogulamba (Zone 7),Mahabubnagar,118.0,4854,Kosgi,True
26,Telangana,279,Jogulamba (Zone 7),Mahabubnagar,118.0,4855,Kothakota,True
26,Telangana,279,Jogulamba (Zone 7),Mahabubnagar,118.0,4856,Kothur,True
26,Telangana,279,Jogulamba (Zone 7),Mahabubnagar,118.0,4857,Lingal,True
26,Telangana,279,Jogulamba (Zone 7),Mahabubnagar,118.0,4858,Maddur,True
26,Telangana,279,Jogulamba (Zone 7),Mahabubnagar,118.0,4859,Madgul,True
26,Telangana,279,Jogulamba (Zone 7),Mahabubnagar,118.0,4860,Maganoor,True
26,Telangana,279,Jogulamba (Zone 7),Mahabubnagar,118.0,4861,Mahabubnagar,True
26,Telangana,279,Jogulamba (Zone 7),Mahabubnagar,118.0,4862,Makthal,True
26,Telangana,279,Jogulamba (Zone 7),Mahabubnagar,118.0,4863,Maldakal,True
26,Telangana,279,Jogulamba (Zone 7),Mahabubnagar,118.0,4864,Manopad,True
26,Telangana,279,Jogulamba (Zone 7),Mahabubnagar,118.0,4865,Midjil,True
26,Telangana,279,Jogulamba (Zone 7),Mahabubnagar,118.0,4866,Nagarkurnool,True
26,Telangana,279,Jogulamba (Zone 7),Mahabubnagar,118.0,4867,Narayanpet,True
26,Telangana,279,Jogulamba (Zone 7),Mahabubnagar,118.0,4868,Narwa,True
26,Telangana,279,Jogulamba (Zone 7),Mahabubnagar,118.0,4869,Nawabpet,True
26,Telangana,279,Jogulamba (Zone 7),Mahabubnagar,118.0,4870,Pangal,True
26,Telangana,279,Jogulamba (Zone 7),Mahabubnagar,118.0,4871,Pebbair,True
26,Telangana,279,Jogulamba (Zone 7),Mahabubnagar,118.0,4872,Peddakothapalle,True
26,Telangana,279,Jogulamba (Zone 7),Mahabubnagar,118.0,4873,Peddamandadi,True
26,Telangana,279,Jogulamba (Zone 7),Mahabubnagar,118.0,4874,Tadoor,True
26,Telangana,279,Jogulamba (Zone 7),Mahabubnagar,118.0,4875,Talakondapalle,True
26,Telangana,279,Jogulamba (Zone 7),Mahabubnagar,118.0,4876,Telkapalle,True
26,Telangana,279,Jogulamba (Zone 7),Mahabubnagar,118.0,4877,Thimmajipet,True
26,Telangana,279,Jogulamba (Zone 7),Mahabubnagar,118.0,4878,Uppununthala,True
26,Telangana,279,Jogulamba (Zone 7),Mahabubnagar,118.0,4879,Utkoor,True
26,Telangana,279,Jogulamba (Zone 7),Mahabubnagar,118.0,4880,Vangoor,True
26,Telangana,279,Jogulamba (Zone 7),Mahabubnagar,118.0,4881,Veldanda,True
26,Telangana,279,Jogulamba (Zone 7),Mahabubnagar,118.0,4882,Waddepalle,True
26,Telangana,279,Jogulamba (Zone 7),Mahabubnagar,118.0,4883,Wanaparthy,True
26,Telangana,279,Jogulamba (Zone 7),Mahabubnagar,118.0,4884,Weepangandla,True
26,Telangana,279,Jogulamba (Zone 7),Nagarkurnool,134.0,4885,Achampet,True
26,Telangana,279,Jogulamba (Zone 7),Nagarkurnool,134.0,4886,Amrabad,True
26,Telangana,279,Jogulamba (Zone 7),Nagarkurnool,134.0,4887,Balmoor,True
26,Telangana,279,Jogulamba (Zone 7),Nagarkurnool,134.0,4888,Bijinapalle,True
26,Telangana,279,Jogulamba (Zone 7),Nagarkurnool,134.0,4889,Charakonda,True
26,Telangana,279,Jogulamba (Zone 7),Nagarkurnool,134.0,4890,Kalwakurthy,True
26,Telangana,279,Jogulamba (Zone 7),Nagarkurnool,134.0,4891,Kodair,True
26,Telangana,279,Jogulamba (Zone 7),Nagarkurnool,134.0,4892,Kollapur,True
26,Telangana,279,Jogulamba (Zone 7),Nagarkurnool,134.0,4893,Lingala,True
26,Telangana,279,Jogulamba (Zone 7),Nagarkurnool,134.0,4894,Nagarkurnool,True
26,Telangana,279,Jogulamba (Zone 7),Nagarkurnool,134.0,4895,Padra,True
26,Telangana,279,Jogulamba (Zone 7),Nagarkurnool,134.0,4896,Peddakothapally,True
26,Telangana,279,Jogulamba (Zone 7),Nagarkurnool,134.0,4897,Pentlavelli,True
26,Telangana,279,Jogulamba (Zone 7),Nagarkurnool,134.0,4898,Tadoor,True
26,Telangana,279,Jogulamba (Zone 7),Nagarkurnool,134.0,4899,Telkapalle,True
26,Telangana,279,Jogulamba (Zone 7),Nagarkurnool,134.0,4900,Thimmajipet,True
26,Telangana,279,Jogulamba (Zone 7),Nagarkurnool,134.0,4901,Uppununthala,True
26,Telangana,279,Jogulamba (Zone 7),Nagarkurnool,134.0,4902,Urkonda,True
26,Telangana,279,Jogulamba (Zone 7),Nagarkurnool,134.0,4903,Vangoor,True
26,Telangana,279,Jogulamba (Zone 7),Nagarkurnool,134.0,4904,Veldanda,True
26,Telangana,279,Jogulamba (Zone 7),Wanaparthy,142.0,4905,pebbair,True
26,Telangana,280,Kaleshwaram (Zone 1),Jayashankar,127.0,4906,malharrao,True
26,Telangana,280,Kaleshwaram (Zone 1),Mancherial,132.0,4907,Bellampally,True
26,Telangana,280,Kaleshwaram (Zone 1),Mancherial,132.0,4908,Bheemaram,True
26,Telangana,280,Kaleshwaram (Zone 1),Mancherial,132.0,4909,Bheemini,True
26,Telangana,280,Kaleshwaram (Zone 1),Mancherial,132.0,4910,Chennur,True
26,Telangana,280,Kaleshwaram (Zone 1),Mancherial,132.0,4911,Dandepally,True
26,Telangana,280,Kaleshwaram (Zone 1),Mancherial,132.0,4912,Hajipur,True
26,Telangana,280,Kaleshwaram (Zone 1),Mancherial,132.0,4913,Jaipur,True
26,Telangana,280,Kaleshwaram (Zone 1),Mancherial,132.0,4914,Jannaram,True
26,Telangana,280,Kaleshwaram (Zone 1),Mancherial,132.0,4915,Kannepally,True
26,Telangana,280,Kaleshwaram (Zone 1),Mancherial,132.0,4916,Kasipet,True
26,Telangana,280,Kaleshwaram (Zone 1),Mancherial,132.0,4917,Kotapally,True
26,Telangana,280,Kaleshwaram (Zone 1),Mancherial,132.0,4918,Luxettipet,True
26,Telangana,280,Kaleshwaram (Zone 1),Mancherial,132.0,4919,Mancherial,True
26,Telangana,280,Kaleshwaram (Zone 1),Mancherial,132.0,4920,Mandamarri,True
26,Telangana,280,Kaleshwaram (Zone 1),Mancherial,132.0,4921,Naspur,True
26,Telangana,280,Kaleshwaram (Zone 1),Mancherial,132.0,4922,Nennel,True
26,Telangana,280,Kaleshwaram (Zone 1),Mancherial,132.0,4923,Tandur,True
26,Telangana,280,Kaleshwaram (Zone 1),Mancherial,132.0,4924,Vemanpally,True
26,Telangana,280,Kaleshwaram (Zone 1),Peddapalli,136.0,4931,Anthergoan,True
26,Telangana,280,Kaleshwaram (Zone 1),Peddapalli,136.0,4932,Darmaram,True
26,Telangana,280,Kaleshwaram (Zone 1),Peddapalli,136.0,4933,Eligaid,True
26,Telangana,280,Kaleshwaram (Zone 1),Peddapalli,136.0,4934,Julapalli,True
26,Telangana,280,Kaleshwaram (Zone 1),Peddapalli,136.0,4935,Kalva Srirampur,True
26,Telangana,280,Kaleshwaram (Zone 1),Peddapalli,136.0,4936,Kamanpur,True
26,Telangana,280,Kaleshwaram (Zone 1),Peddapalli,136.0,4937,Manthani,True
26,Telangana,280,Kaleshwaram (Zone 1),Peddapalli,136.0,4938,Mutharam,True
26,Telangana,280,Kaleshwaram (Zone 1),Peddapalli,136.0,4939,Odela,True
26,Telangana,280,Kaleshwaram (Zone 1),Peddapalli,136.0,4940,Palakurthy,True
26,Telangana,280,Kaleshwaram (Zone 1),Peddapalli,136.0,4941,Peddapalli,True
26,Telangana,280,Kaleshwaram (Zone 1),Peddapalli,136.0,4942,Ramagiri,True
26,Telangana,280,Kaleshwaram (Zone 1),Peddapalli,136.0,4943,Ramagundam,True
26,Telangana,280,Kaleshwaram (Zone 1),Peddapalli,136.0,4944,Sulthanabad,True
26,Telangana,281,Rajanna (Zone 3),Kamareddy,129.0,4945,Pitlam,True
26,Telangana,281,Rajanna (Zone 3),Kamareddy,129.0,4946,Rajampet,True
26,Telangana,281,Rajanna (Zone 3),Karimnagar,122.0,4947,Bejjanki,True
26,Telangana,281,Rajanna (Zone 3),Karimnagar,122.0,4948,Bheemadevarpalle,True
26,Telangana,281,Rajanna (Zone 3),Karimnagar,122.0,4949,Boinpalle,True
26,Telangana,281,Rajanna (Zone 3),Karimnagar,122.0,4950,Bommareddypalle (H/o.Dharmaram),True
26,Telangana,281,Rajanna (Zone 3),Karimnagar,122.0,4951,Chandurthi,True
26,Telangana,281,Rajanna (Zone 3),Karimnagar,122.0,4952,Chigurumamidi,True
26,Telangana,281,Rajanna (Zone 3),Karimnagar,122.0,4953,Choppadandi,True
26,Telangana,281,Rajanna (Zone 3),Karimnagar,122.0,4954,Dharmapuri,True
26,Telangana,281,Rajanna (Zone 3),Karimnagar,122.0,4955,Elkathurthy,True
26,Telangana,281,Rajanna (Zone 3),Karimnagar,122.0,4956,Ellanthakunta,True
26,Telangana,281,Rajanna (Zone 3),Karimnagar,122.0,4957,Gambhiraopet,True
26,Telangana,281,Rajanna (Zone 3),Karimnagar,122.0,4958,Gangadhara,True
26,Telangana,281,Rajanna (Zone 3),Karimnagar,122.0,4959,Gollapalle,True
26,Telangana,281,Rajanna (Zone 3),Karimnagar,122.0,4960,Husnabad,True
26,Telangana,281,Rajanna (Zone 3),Karimnagar,122.0,4961,Huzurabad,True
26,Telangana,281,Rajanna (Zone 3),Karimnagar,122.0,4962,Ibrahimpatnam,True
26,Telangana,281,Rajanna (Zone 3),Karimnagar,122.0,4963,Jagtial,True
26,Telangana,281,Rajanna (Zone 3),Karimnagar,122.0,4964,Jammikunta,True
26,Telangana,281,Rajanna (Zone 3),Karimnagar,122.0,4965,Julapalle,True
26,Telangana,281,Rajanna (Zone 3),Karimnagar,122.0,4966,Kamalapur,True
26,Telangana,281,Rajanna (Zone 3),Karimnagar,122.0,4967,Kamanpur,True
26,Telangana,281,Rajanna (Zone 3),Karimnagar,122.0,4968,Karimnagar,True
26,Telangana,281,Rajanna (Zone 3),Karimnagar,122.0,4969,Kataram,True
26,Telangana,281,Rajanna (Zone 3),Karimnagar,122.0,4970,Kathlapur,True
26,Telangana,281,Rajanna (Zone 3),Karimnagar,122.0,4971,Kodimial,True
26,Telangana,281,Rajanna (Zone 3),Karimnagar,122.0,4972,Koheda,True
26,Telangana,281,Rajanna (Zone 3),Karimnagar,122.0,4973,Konaraopeta,True
26,Telangana,281,Rajanna (Zone 3),Karimnagar,122.0,4974,Koratla,True
26,Telangana,281,Rajanna (Zone 3),Karimnagar,122.0,4975,Mahadevpur,True
26,Telangana,281,Rajanna (Zone 3),Karimnagar,122.0,4976,Malharrao mandal,True
26,Telangana,281,Rajanna (Zone 3),Karimnagar,122.0,4977,Mallapur,True
26,Telangana,281,Rajanna (Zone 3),Karimnagar,122.0,4978,Mallial,True
26,Telangana,281,Rajanna (Zone 3),Karimnagar,122.0,4979,Manakondur,True
26,Telangana,281,Rajanna (Zone 3),Karimnagar,122.0,4980,Manthani,True
26,Telangana,281,Rajanna (Zone 3),Karimnagar,122.0,4981,Medipalle,True
26,Telangana,281,Rajanna (Zone 3),Karimnagar,122.0,4982,Metpalle,True
26,Telangana,281,Rajanna (Zone 3),Karimnagar,122.0,4983,Mustabad,True
26,Telangana,281,Rajanna (Zone 3),Karimnagar,122.0,4984,Mutharam (A),True
26,Telangana,281,Rajanna (Zone 3),Karimnagar,122.0,4985,Mutharam (N),True
26,Telangana,281,Rajanna (Zone 3),Karimnagar,122.0,4986,Odela,True
26,Telangana,281,Rajanna (Zone 3),Karimnagar,122.0,4987,Peddapalle,True
26,Telangana,281,Rajanna (Zone 3),Karimnagar,122.0,4988,Pegadapalle,True
26,Telangana,281,Rajanna (Zone 3),Karimnagar,122.0,4989,Raikal,True
26,Telangana,281,Rajanna (Zone 3),Karimnagar,122.0,4990,Ramadugu,True
26,Telangana,281,Rajanna (Zone 3),Karimnagar,122.0,4991,Ramagundam,True
26,Telangana,281,Rajanna (Zone 3),Karimnagar,122.0,4992,Saidapur,True
26,Telangana,281,Rajanna (Zone 3),Karimnagar,122.0,4993,Sarangapur,True
26,Telangana,281,Rajanna (Zone 3),Karimnagar,122.0,4994,Shankarapeta kesavapatnam,True
26,Telangana,281,Rajanna (Zone 3),Karimnagar,122.0,4995,Sirsilla,True
26,Telangana,281,Rajanna (Zone 3),Karimnagar,122.0,4996,Srirampur,True
26,Telangana,281,Rajanna (Zone 3),Karimnagar,122.0,4997,Sulthanabad,True
26,Telangana,281,Rajanna (Zone 3),Karimnagar,122.0,4998,Thimmapur (LMD),True
26,Telangana,281,Rajanna (Zone 3),Karimnagar,122.0,4999,Veenavanka,True
26,Telangana,281,Rajanna (Zone 3),Karimnagar,122.0,5000,Velgatoor,True
26,Telangana,281,Rajanna (Zone 3),Karimnagar,122.0,5001,Vemulawada,True
26,Telangana,281,Rajanna (Zone 3),Karimnagar,122.0,5002,Yellareddipet,True
26,Telangana,281,Rajanna (Zone 3),Khammam,121.0,5003,Aswapuram,True
26,Telangana,281,Rajanna (Zone 3),Khammam,121.0,5004,Aswaraopet,True
26,Telangana,281,Rajanna (Zone 3),Khammam,121.0,5005,Bayyaram,True
26,Telangana,281,Rajanna (Zone 3),Khammam,121.0,5006,Bhadrachalam,True
26,Telangana,281,Rajanna (Zone 3),Khammam,121.0,5007,Bonakal,True
26,Telangana,281,Rajanna (Zone 3),Khammam,121.0,5008,Chandrugonda,True
26,Telangana,281,Rajanna (Zone 3),Khammam,121.0,5009,Cherla,True
26,Telangana,281,Rajanna (Zone 3),Khammam,121.0,5010,Chinthakani,True
26,Telangana,281,Rajanna (Zone 3),Khammam,121.0,5011,Dammapet,True
26,Telangana,281,Rajanna (Zone 3),Khammam,121.0,5012,Dummugudem,True
26,Telangana,281,Rajanna (Zone 3),Khammam,121.0,5013,Enkuru,True
26,Telangana,281,Rajanna (Zone 3),Khammam,121.0,5014,Garla,True
26,Telangana,281,Rajanna (Zone 3),Khammam,121.0,5015,Gundala,True
26,Telangana,281,Rajanna (Zone 3),Khammam,121.0,5016,Julurpadu,True
26,Telangana,281,Rajanna (Zone 3),Khammam,121.0,5017,Kallur,True
26,Telangana,281,Rajanna (Zone 3),Khammam,121.0,5018,Kamepalle,True
26,Telangana,281,Rajanna (Zone 3),Khammam,121.0,5019,Khammam (Rural),True
26,Telangana,281,Rajanna (Zone 3),Khammam,121.0,5020,Khammam (Urban),True
26,Telangana,281,Rajanna (Zone 3),Khammam,121.0,5021,Konijerla,True
26,Telangana,281,Rajanna (Zone 3),Khammam,121.0,5022,Kothagudem,True
26,Telangana,281,Rajanna (Zone 3),Khammam,121.0,5023,Kusumanchi,True
26,Telangana,281,Rajanna (Zone 3),Khammam,121.0,5024,Madhira,True
26,Telangana,281,Rajanna (Zone 3),Khammam,121.0,5025,Manugur,True
26,Telangana,281,Rajanna (Zone 3),Khammam,121.0,5026,Mudigonda,True
26,Telangana,281,Rajanna (Zone 3),Khammam,121.0,5027,Mulkalapalle,True
26,Telangana,281,Rajanna (Zone 3),Khammam,121.0,5028,Nelakondapalle,True
26,Telangana,281,Rajanna (Zone 3),Khammam,121.0,5029,Palwancha,True
26,Telangana,281,Rajanna (Zone 3),Khammam,121.0,5030,Penuballe,True
26,Telangana,281,Rajanna (Zone 3),Khammam,121.0,5031,Pinapaka,True
26,Telangana,281,Rajanna (Zone 3),Khammam,121.0,5032,Sathupalle,True
26,Telangana,281,Rajanna (Zone 3),Khammam,121.0,5033,Singareni,True
26,Telangana,281,Rajanna (Zone 3),Khammam,121.0,5034,Tallada,True
26,Telangana,281,Rajanna (Zone 3),Khammam,121.0,5035,Tekulapalle,True
26,Telangana,281,Rajanna (Zone 3),Khammam,121.0,5036,Tirumalayapalem,True
26,Telangana,281,Rajanna (Zone 3),Khammam,121.0,5037,Vemsoor,True
26,Telangana,281,Rajanna (Zone 3),Khammam,121.0,5038,Venkatapuram,True
26,Telangana,281,Rajanna (Zone 3),Khammam,121.0,5039,Wazeed,True
26,Telangana,281,Rajanna (Zone 3),Khammam,121.0,5040,Wyra,True
26,Telangana,281,Rajanna (Zone 3),Khammam,121.0,5041,Yellandu,True
26,Telangana,281,Rajanna (Zone 3),Khammam,121.0,5042,Yerrupalem,True
26,Telangana,281,Rajanna (Zone 3),Medak,117.0,5043,Alladurg,True
26,Telangana,281,Rajanna (Zone 3),Medak,117.0,5044,Andole,True
26,Telangana,281,Rajanna (Zone 3),Medak,117.0,5045,Chegunta,True
26,Telangana,281,Rajanna (Zone 3),Medak,117.0,5046,Chinnakodur,True
26,Telangana,281,Rajanna (Zone 3),Medak,117.0,5047,Doulthabad,True
26,Telangana,281,Rajanna (Zone 3),Medak,117.0,5048,Dubbak,True
26,Telangana,281,Rajanna (Zone 3),Medak,117.0,5049,Gajwel,True
26,Telangana,281,Rajanna (Zone 3),Medak,117.0,5050,Hathnoora,True
26,Telangana,281,Rajanna (Zone 3),Medak,117.0,5051,Jagdevpur,True
26,Telangana,281,Rajanna (Zone 3),Medak,117.0,5052,Jharasangam,True
26,Telangana,281,Rajanna (Zone 3),Medak,117.0,5053,Jinnaram,True
26,Telangana,281,Rajanna (Zone 3),Medak,117.0,5054,Kalher,True
26,Telangana,281,Rajanna (Zone 3),Medak,117.0,5055,Kangti,True
26,Telangana,281,Rajanna (Zone 3),Medak,117.0,5056,Kohir,True
26,Telangana,281,Rajanna (Zone 3),Medak,117.0,5057,Kondapak,True
26,Telangana,281,Rajanna (Zone 3),Medak,117.0,5058,Kondapoor,True
26,Telangana,281,Rajanna (Zone 3),Medak,117.0,5059,Kowdipalle,True
26,Telangana,281,Rajanna (Zone 3),Medak,117.0,5060,Kulcharam,True
26,Telangana,281,Rajanna (Zone 3),Medak,117.0,5061,Manoor,True
26,Telangana,281,Rajanna (Zone 3),Medak,117.0,5062,Medak,True
26,Telangana,281,Rajanna (Zone 3),Medak,117.0,5063,Mirdoddi,True
26,Telangana,281,Rajanna (Zone 3),Medak,117.0,5064,Mulugu,True
26,Telangana,281,Rajanna (Zone 3),Medak,117.0,5065,Munipalle,True
26,Telangana,281,Rajanna (Zone 3),Medak,117.0,5066,Nangnoor,True
26,Telangana,281,Rajanna (Zone 3),Medak,117.0,5067,Narayankhed,True
26,Telangana,281,Rajanna (Zone 3),Medak,117.0,5068,Narsapur,True
26,Telangana,281,Rajanna (Zone 3),Medak,117.0,5069,Nyalkal,True
26,Telangana,281,Rajanna (Zone 3),Medak,117.0,5070,Papannapet,True
26,Telangana,281,Rajanna (Zone 3),Medak,117.0,5071,Patancheru,True
26,Telangana,281,Rajanna (Zone 3),Medak,117.0,5072,Pulkal,True
26,Telangana,281,Rajanna (Zone 3),Medak,117.0,5073,Raikode,True
26,Telangana,281,Rajanna (Zone 3),Medak,117.0,5074,Ramayampet,True
26,Telangana,281,Rajanna (Zone 3),Medak,117.0,5075,Ramchandrapuram,True
26,Telangana,281,Rajanna (Zone 3),Medak,117.0,5076,Regode,True
26,Telangana,281,Rajanna (Zone 3),Medak,117.0,5077,Sadasivpet,True
26,Telangana,281,Rajanna (Zone 3),Medak,117.0,5078,Sangareddy,True
26,Telangana,281,Rajanna (Zone 3),Medak,117.0,5079,Shankarampet (A),True
26,Telangana,281,Rajanna (Zone 3),Medak,117.0,5080,Shankarampet (R),True
26,Telangana,281,Rajanna (Zone 3),Medak,117.0,5081,Shivampet,True
26,Telangana,281,Rajanna (Zone 3),Medak,117.0,5082,Siddipet,True
26,Telangana,281,Rajanna (Zone 3),Medak,117.0,5083,Tekmal,True
26,Telangana,281,Rajanna (Zone 3),Medak,117.0,5084,Tupran,True
26,Telangana,281,Rajanna (Zone 3),Medak,117.0,5085,Veldurthy,True
26,Telangana,281,Rajanna (Zone 3),Medak,117.0,5086,Wargal,True
26,Telangana,281,Rajanna (Zone 3),Medak,117.0,5087,Zahirabad,True
26,Telangana,281,Rajanna (Zone 3),Rajanna Sircilla,137.0,5088,Boinpalli,True
26,Telangana,281,Rajanna (Zone 3),Rajanna Sircilla,137.0,5089,Chandurthi,True
26,Telangana,281,Rajanna (Zone 3),Rajanna Sircilla,137.0,5090,Ellanthakunta,True
26,Telangana,281,Rajanna (Zone 3),Rajanna Sircilla,137.0,5091,Gambhiraopet,True
26,Telangana,281,Rajanna (Zone 3),Rajanna Sircilla,137.0,5092,Konaraopet,True
26,Telangana,281,Rajanna (Zone 3),Rajanna Sircilla,137.0,5093,Mustabad,True
26,Telangana,281,Rajanna (Zone 3),Rajanna Sircilla,137.0,5094,Rudrangi,True
26,Telangana,281,Rajanna (Zone 3),Rajanna Sircilla,137.0,5095,Sircilla,True
26,Telangana,281,Rajanna (Zone 3),Rajanna Sircilla,137.0,5096,Thangallapalli,True
26,Telangana,281,Rajanna (Zone 3),Rajanna Sircilla,137.0,5097,Veernapalli,True
26,Telangana,281,Rajanna (Zone 3),Rajanna Sircilla,137.0,5098,Vemulawada,True
26,Telangana,281,Rajanna (Zone 3),Rajanna Sircilla,137.0,5099,Vemulawada Rural,True
26,Telangana,281,Rajanna (Zone 3),Rajanna Sircilla,137.0,5100,Yellareddipet,True
26,Telangana,281,Rajanna (Zone 3),Siddipet,139.0,5101,akkannapet,True
26,Telangana,281,Rajanna (Zone 3),Siddipet,139.0,5102,chinnakodur,True
26,Telangana,281,Rajanna (Zone 3),Siddipet,139.0,5103,mulug,True
26,Telangana,281,Rajanna (Zone 3),Siddipet,139.0,5104,nangoor,True
26,Telangana,281,Rajanna (Zone 3),Siddipet,139.0,5105,raipole,True
26,Telangana,281,Rajanna (Zone 3),Siddipet,139.0,5106,siddipet urban,True
26,Telangana,282,Yadadri (Zone 5),Jangoan,126.0,5107,Chilpur,True
26,Telangana,282,Yadadri (Zone 5),Nalgonda,119.0,5108,Alair,True
26,Telangana,282,Yadadri (Zone 5),Nalgonda,119.0,5109,Anumula,True
26,Telangana,282,Yadadri (Zone 5),Nalgonda,119.0,5110,Atmakur (M),True
26,Telangana,282,Yadadri (Zone 5),Nalgonda,119.0,5111,Atmakur (S),True
26,Telangana,282,Yadadri (Zone 5),Nalgonda,119.0,5112,Bhuvanagiri,True
26,Telangana,282,Yadadri (Zone 5),Nalgonda,119.0,5113,Bibinagar,True
26,Telangana,282,Yadadri (Zone 5),Nalgonda,119.0,5114,Bommalaramaram,True
26,Telangana,282,Yadadri (Zone 5),Nalgonda,119.0,5115,Chandam pet,True
26,Telangana,282,Yadadri (Zone 5),Nalgonda,119.0,5116,Chandur,True
26,Telangana,282,Yadadri (Zone 5),Nalgonda,119.0,5117,Chilkur,True
26,Telangana,282,Yadadri (Zone 5),Nalgonda,119.0,5118,Chintha palle,True
26,Telangana,282,Yadadri (Zone 5),Nalgonda,119.0,5119,Chityala,True
26,Telangana,282,Yadadri (Zone 5),Nalgonda,119.0,5120,Chivvemla,True
26,Telangana,282,Yadadri (Zone 5),Nalgonda,119.0,5121,Choutuppal,True
26,Telangana,282,Yadadri (Zone 5),Nalgonda,119.0,5122,Damaracherla,True
26,Telangana,282,Yadadri (Zone 5),Nalgonda,119.0,5123,Devarkonda,True
26,Telangana,282,Yadadri (Zone 5),Nalgonda,119.0,5124,Garide palle,True
26,Telangana,282,Yadadri (Zone 5),Nalgonda,119.0,5125,Gundala,True
26,Telangana,282,Yadadri (Zone 5),Nalgonda,119.0,5126,Gundla palle,True
26,Telangana,282,Yadadri (Zone 5),Nalgonda,119.0,5127,Gurrampode,True
26,Telangana,282,Yadadri (Zone 5),Nalgonda,119.0,5128,Huzurnagar,True
26,Telangana,282,Yadadri (Zone 5),Nalgonda,119.0,5129,Jaji reddi gudem,True
26,Telangana,282,Yadadri (Zone 5),Nalgonda,119.0,5130,Kangal,True
26,Telangana,282,Yadadri (Zone 5),Nalgonda,119.0,5131,Kattangoor,True
26,Telangana,282,Yadadri (Zone 5),Nalgonda,119.0,5132,Kethe palle,True
26,Telangana,282,Yadadri (Zone 5),Nalgonda,119.0,5133,Kodad,True
26,Telangana,282,Yadadri (Zone 5),Nalgonda,119.0,5134,M.Turkapalle,True
26,Telangana,282,Yadadri (Zone 5),Nalgonda,119.0,5135,Marriguda,True
26,Telangana,282,Yadadri (Zone 5),Nalgonda,119.0,5136,Mattam palle,True
26,Telangana,282,Yadadri (Zone 5),Nalgonda,119.0,5137,Mella cheruvu,True
26,Telangana,282,Yadadri (Zone 5),Nalgonda,119.0,5138,Miryalaguda,True
26,Telangana,282,Yadadri (Zone 5),Nalgonda,119.0,5139,Mothey,True
26,Telangana,282,Yadadri (Zone 5),Nalgonda,119.0,5140,Mothkur,True
26,Telangana,282,Yadadri (Zone 5),Nalgonda,119.0,5141,Munagala,True
26,Telangana,282,Yadadri (Zone 5),Nalgonda,119.0,5142,Munugode,True
26,Telangana,282,Yadadri (Zone 5),Nalgonda,119.0,5143,Nadigudem,True
26,Telangana,282,Yadadri (Zone 5),Nalgonda,119.0,5144,Nakrekal,True
26,Telangana,282,Yadadri (Zone 5),Nalgonda,119.0,5145,Nalgonda,True
26,Telangana,282,Yadadri (Zone 5),Nalgonda,119.0,5146,Nampalle,True
26,Telangana,282,Yadadri (Zone 5),Nalgonda,119.0,5147,Narayanpur,True
26,Telangana,282,Yadadri (Zone 5),Nalgonda,119.0,5148,Narketpalle,True
26,Telangana,282,Yadadri (Zone 5),Nalgonda,119.0,5149,Nereducherla,True
26,Telangana,282,Yadadri (Zone 5),Nalgonda,119.0,5150,Nidamanur,True
26,Telangana,282,Yadadri (Zone 5),Nalgonda,119.0,5151,Nuthankal,True
26,Telangana,282,Yadadri (Zone 5),Nalgonda,119.0,5152,Pedda adiserla palle,True
26,Telangana,282,Yadadri (Zone 5),Nalgonda,119.0,5153,Peddavoora,True
26,Telangana,282,Yadadri (Zone 5),Nalgonda,119.0,5154,Penpahad,True
26,Telangana,282,Yadadri (Zone 5),Nalgonda,119.0,5155,Pochampalle,True
26,Telangana,282,Yadadri (Zone 5),Nalgonda,119.0,5156,Rajapet,True
26,Telangana,282,Yadadri (Zone 5),Nalgonda,119.0,5157,Ramannapeta,True
26,Telangana,282,Yadadri (Zone 5),Nalgonda,119.0,5158,Sali gouraram,True
26,Telangana,282,Yadadri (Zone 5),Nalgonda,119.0,5159,Suryapet,True
26,Telangana,282,Yadadri (Zone 5),Nalgonda,119.0,5160,Thipparthi,True
26,Telangana,282,Yadadri (Zone 5),Nalgonda,119.0,5161,Thirumalgiri,True
26,Telangana,282,Yadadri (Zone 5),Nalgonda,119.0,5162,Thripuraram,True
26,Telangana,282,Yadadri (Zone 5),Nalgonda,119.0,5163,Thungathurthi,True
26,Telangana,282,Yadadri (Zone 5),Nalgonda,119.0,5164,Valigonda,True
26,Telangana,282,Yadadri (Zone 5),Nalgonda,119.0,5165,Vemulapalle,True
26,Telangana,282,Yadadri (Zone 5),Nalgonda,119.0,5166,Yadagirigutta,True
26,Telangana,282,Yadadri (Zone 5),Suryapet,140.0,5167,chinthalapalem,True
26,Telangana,282,Yadadri (Zone 5),Suryapet,140.0,5168,mellacheruvu,True
26,Telangana,282,Yadadri (Zone 5),Yadadri,144.0,5169,mothkur,True
26,Telangana,282,Yadadri (Zone 5),Yadadri,144.0,5170,thurkapally,True
26,Telangana,282,Yadadri (Zone 5),Yadadri,144.0,5171,yadagirigutta,True
19,Tripura,283,North Tripura,Dhalai,1903.0,5172,Ambassa,True
19,Tripura,283,North Tripura,Dhalai,1903.0,5173,Chhamanu,True
19,Tripura,283,North Tripura,Dhalai,1903.0,5174,Dumburnagar,True
19,Tripura,283,North Tripura,Dhalai,1903.0,5175,Manu,True
19,Tripura,283,North Tripura,Dhalai,1903.0,5176,Salema,True
19,Tripura,283,North Tripura,Unakoti,1905.0,5177,Kumarghat,True
19,Tripura,284,South Tripura,Gomati,1908.0,5178,Birganja,True
19,Tripura,284,South Tripura,Sipahijala,1907.0,5179,Melaghar,True
19,Tripura,285,West Tripura,Khowai,1906.0,5180,Champahowar,True
19,Tripura,285,West Tripura,Khowai,1906.0,5181,Ramchandra Ghat,True
19,Tripura,285,West Tripura,Khowai,1906.0,5182,Teliamura,True
19,Tripura,283,North Tripura,North Tripura,1904.0,5183,Damchhara,True
19,Tripura,283,North Tripura,North Tripura,1904.0,5184,Dasda,True
19,Tripura,283,North Tripura,North Tripura,1904.0,5185,Gournagar,True
19,Tripura,283,North Tripura,North Tripura,1904.0,5186,Jampuii hills,True
19,Tripura,283,North Tripura,North Tripura,1904.0,5187,Kadamtala,True
19,Tripura,283,North Tripura,North Tripura,1904.0,5188,Kumarghat,True
19,Tripura,283,North Tripura,North Tripura,1904.0,5189,Machmara,True
19,Tripura,283,North Tripura,North Tripura,1904.0,5190,Panisagar,True
19,Tripura,283,North Tripura,North Tripura,1904.0,5191,Pencharthal,True
19,Tripura,284,South Tripura,South Tripura,1902.0,5192,Amarpur,True
19,Tripura,284,South Tripura,South Tripura,1902.0,5193,Bagafa,True
19,Tripura,284,South Tripura,South Tripura,1902.0,5194,Hrishyamukh,True
19,Tripura,284,South Tripura,South Tripura,1902.0,5195,Kakraban,True
19,Tripura,284,South Tripura,South Tripura,1902.0,5196,Karbuk,True
19,Tripura,284,South Tripura,South Tripura,1902.0,5197,Killa,True
19,Tripura,284,South Tripura,South Tripura,1902.0,5198,Matarbari,True
19,Tripura,284,South Tripura,South Tripura,1902.0,5199,Rajnagar,True
19,Tripura,284,South Tripura,South Tripura,1902.0,5200,Rupaichhari,True
19,Tripura,284,South Tripura,South Tripura,1902.0,5201,Satchand,True
19,Tripura,285,West Tripura,West Tripura,1901.0,5202,Bishalgarh,True
19,Tripura,285,West Tripura,West Tripura,1901.0,5203,Boxanagar,True
19,Tripura,285,West Tripura,West Tripura,1901.0,5204,Dukli,True
19,Tripura,285,West Tripura,West Tripura,1901.0,5205,Hezamara,True
19,Tripura,285,West Tripura,West Tripura,1901.0,5206,Jampuijala,True
19,Tripura,285,West Tripura,West Tripura,1901.0,5207,Jirania,True
19,Tripura,285,West Tripura,West Tripura,1901.0,5208,Kalyanpur,True
19,Tripura,285,West Tripura,West Tripura,1901.0,5209,Kathalia,True
19,Tripura,285,West Tripura,West Tripura,1901.0,5210,Khowai,True
19,Tripura,285,West Tripura,West Tripura,1901.0,5211,Mandai,True
19,Tripura,285,West Tripura,West Tripura,1901.0,5212,Melaghar,True
19,Tripura,285,West Tripura,West Tripura,1901.0,5213,Mohanpur,True
19,Tripura,285,West Tripura,West Tripura,1901.0,5214,Pabmabil,True
19,Tripura,285,West Tripura,West Tripura,1901.0,5215,Teliamura,True
19,Tripura,285,West Tripura,West Tripura,1901.0,5216,Tulashikhar,True
20,Uttar Pradesh,287,Agra division,Agra,2008.0,5217,Agra,True
20,Uttar Pradesh,287,Agra division,Agra,2008.0,5218,Bah,True
20,Uttar Pradesh,287,Agra division,Agra,2008.0,5219,Etmadpur,True
20,Uttar Pradesh,287,Agra division,Agra,2008.0,5220,Fatehabad,True
20,Uttar Pradesh,287,Agra division,Agra,2008.0,5221,Kheragarh,True
20,Uttar Pradesh,287,Agra division,Agra,2008.0,5222,Kiraoli,True
20,Uttar Pradesh,287,Agra division,Firozabad,2065.0,5223,Firozabad,True
20,Uttar Pradesh,287,Agra division,Firozabad,2065.0,5224,Jasrana,True
20,Uttar Pradesh,287,Agra division,Firozabad,2065.0,5225,Shikohabad,True
20,Uttar Pradesh,287,Agra division,Firozabad,2065.0,5226,Tundla,True
20,Uttar Pradesh,287,Agra division,Mainpuri,2009.0,5227,Bhogaon,True
20,Uttar Pradesh,287,Agra division,Mainpuri,2009.0,5228,Karhal,True
20,Uttar Pradesh,287,Agra division,Mainpuri,2009.0,5229,Mainpuri,True
20,Uttar Pradesh,287,Agra division,Mathura,2007.0,5230,Chhata,True
20,Uttar Pradesh,287,Agra division,Mathura,2007.0,5231,Gobardhan,True
20,Uttar Pradesh,287,Agra division,Mathura,2007.0,5232,Mahavan,True
20,Uttar Pradesh,287,Agra division,Mathura,2007.0,5233,Mat,True
20,Uttar Pradesh,287,Agra division,Mathura,2007.0,5234,Mathura,True
20,Uttar Pradesh,288,Aligarh division,Aligarh,2006.0,5235,Atrauli,True
20,Uttar Pradesh,288,Aligarh division,Aligarh,2006.0,5236,Gabhana,True
20,Uttar Pradesh,288,Aligarh division,Aligarh,2006.0,5237,Iglas,True
20,Uttar Pradesh,288,Aligarh division,Aligarh,2006.0,5238,Khair,True
20,Uttar Pradesh,288,Aligarh division,Aligarh,2006.0,5239,Koil,True
20,Uttar Pradesh,288,Aligarh division,Etah,2010.0,5240,Aliganj,True
20,Uttar Pradesh,288,Aligarh division,Etah,2010.0,5241,Etah,True
20,Uttar Pradesh,288,Aligarh division,Etah,2010.0,5242,Jalesar,True
20,Uttar Pradesh,288,Aligarh division,Etah,2010.0,5243,Kasganj,True
20,Uttar Pradesh,288,Aligarh division,Etah,2010.0,5244,Patiyali,True
20,Uttar Pradesh,288,Aligarh division,Hathras,2064.0,5245,Hathras,True
20,Uttar Pradesh,288,Aligarh division,Hathras,2064.0,5246,Sadabad,True
20,Uttar Pradesh,288,Aligarh division,Hathras,2064.0,5247,Sasni,True
20,Uttar Pradesh,288,Aligarh division,Hathras,2064.0,5248,Sikandra Rao,True
20,Uttar Pradesh,289,Allahabad division,Fatehpur,2021.0,5256,Bindki,True
20,Uttar Pradesh,289,Allahabad division,Fatehpur,2021.0,5257,Fatehpur,True
20,Uttar Pradesh,289,Allahabad division,Fatehpur,2021.0,5258,Khaga,True
20,Uttar Pradesh,289,Allahabad division,Kaushambi,2069.0,5259,Chail,True
20,Uttar Pradesh,289,Allahabad division,Kaushambi,2069.0,5260,Manjhanpur,True
20,Uttar Pradesh,289,Allahabad division,Kaushambi,2069.0,5261,Sirathu,True
20,Uttar Pradesh,289,Allahabad division,Pratapgarh,1729.0,5262,Kunda,True
20,Uttar Pradesh,289,Allahabad division,Pratapgarh,1729.0,5263,Lalganj Ajhara,True
20,Uttar Pradesh,289,Allahabad division,Pratapgarh,1729.0,5264,Patti,True
20,Uttar Pradesh,289,Allahabad division,Pratapgarh,1729.0,5265,Pratapgarh,True
20,Uttar Pradesh,289,Allahabad division,Pratapgarh,1729.0,5266,Raniganj,True
20,Uttar Pradesh,289,Allahabad division,Prayagraj,2022.0,5267,Allahabad,True
20,Uttar Pradesh,289,Allahabad division,Prayagraj,2022.0,5268,Bara,True
20,Uttar Pradesh,289,Allahabad division,Prayagraj,2022.0,5269,Handia,True
20,Uttar Pradesh,289,Allahabad division,Prayagraj,2022.0,5270,Karchhana,True
20,Uttar Pradesh,289,Allahabad division,Prayagraj,2022.0,5271,Koraon,True
20,Uttar Pradesh,289,Allahabad division,Prayagraj,2022.0,5272,Meja,True
20,Uttar Pradesh,289,Allahabad division,Prayagraj,2022.0,5273,Phulpur,True
20,Uttar Pradesh,289,Allahabad division,Prayagraj,2022.0,5274,Soraon,True
20,Uttar Pradesh,290,Azamgarh division,Azamgarh,2036.0,5275,Azamgarh,True
20,Uttar Pradesh,290,Azamgarh division,Azamgarh,2036.0,5276,Bairia,True
20,Uttar Pradesh,290,Azamgarh division,Azamgarh,2036.0,5277,Ballia,True
20,Uttar Pradesh,290,Azamgarh division,Azamgarh,2036.0,5278,Bansdih,True
20,Uttar Pradesh,290,Azamgarh division,Azamgarh,2036.0,5279,Belthara Road,True
20,Uttar Pradesh,290,Azamgarh division,Azamgarh,2036.0,5280,Burhanpur,True
20,Uttar Pradesh,290,Azamgarh division,Azamgarh,2036.0,5281,Lalganj,True
20,Uttar Pradesh,290,Azamgarh division,Azamgarh,2036.0,5282,Mehnagar,True
20,Uttar Pradesh,290,Azamgarh division,Azamgarh,2036.0,5283,Nizamabad,True
20,Uttar Pradesh,290,Azamgarh division,Azamgarh,2036.0,5284,Phulpur,True
20,Uttar Pradesh,290,Azamgarh division,Azamgarh,2036.0,5285,Rasra,True
20,Uttar Pradesh,290,Azamgarh division,Azamgarh,2036.0,5286,Sagri,True
20,Uttar Pradesh,290,Azamgarh division,Azamgarh,2036.0,5287,Sikanderpur,True
20,Uttar Pradesh,290,Azamgarh division,Mau,2075.0,5288,Ghosi,True
20,Uttar Pradesh,290,Azamgarh division,Mau,2075.0,5289,Madhuban,True
20,Uttar Pradesh,290,Azamgarh division,Mau,2075.0,5290,Maunath Bhanjan,True
20,Uttar Pradesh,290,Azamgarh division,Mau,2075.0,5291,Muhammadabad Gohna,True
20,Uttar Pradesh,291,Bareilly division,Bareilly,2011.0,5292,Aonla,True
20,Uttar Pradesh,291,Bareilly division,Bareilly,2011.0,5293,Baheri,True
20,Uttar Pradesh,291,Bareilly division,Bareilly,2011.0,5294,Bareilly,True
20,Uttar Pradesh,291,Bareilly division,Bareilly,2011.0,5295,Faridpur,True
20,Uttar Pradesh,291,Bareilly division,Bareilly,2011.0,5296,Meerganj,True
20,Uttar Pradesh,291,Bareilly division,Bareilly,2011.0,5297,Nawabganj,True
20,Uttar Pradesh,291,Bareilly division,Budaun,2012.0,5298,Bilsi,True
20,Uttar Pradesh,291,Bareilly division,Budaun,2012.0,5299,Bisauli,True
20,Uttar Pradesh,291,Bareilly division,Budaun,2012.0,5300,Budaun,True
20,Uttar Pradesh,291,Bareilly division,Budaun,2012.0,5301,Dataganj,True
20,Uttar Pradesh,291,Bareilly division,Budaun,2012.0,5302,Gunnaur,True
20,Uttar Pradesh,291,Bareilly division,Budaun,2012.0,5303,Sahaswan,True
20,Uttar Pradesh,291,Bareilly division,Pilibhit,2014.0,5304,Bisalpur,True
20,Uttar Pradesh,291,Bareilly division,Pilibhit,2014.0,5305,Pilibhit,True
20,Uttar Pradesh,291,Bareilly division,Pilibhit,2014.0,5306,Puranpur,True
20,Uttar Pradesh,291,Bareilly division,Shahjahanpur,2013.0,5307,Jalalabad,True
20,Uttar Pradesh,291,Bareilly division,Shahjahanpur,2013.0,5308,Powayan,True
20,Uttar Pradesh,291,Bareilly division,Shahjahanpur,2013.0,5309,Shahjahanpur,True
20,Uttar Pradesh,291,Bareilly division,Shahjahanpur,2013.0,5310,Tilhar,True
20,Uttar Pradesh,292,Basti division,Basti,2035.0,5311,Basti,True
20,Uttar Pradesh,292,Basti division,Basti,2035.0,5312,Bhanpur,True
20,Uttar Pradesh,292,Basti division,Basti,2035.0,5313,Harraiya,True
20,Uttar Pradesh,292,Basti division,Basti,2035.0,5314,Rudhauli,True
20,Uttar Pradesh,292,Basti division,Sant Kabir Nagar,2079.0,5315,Ghanghata,True
20,Uttar Pradesh,292,Basti division,Sant Kabir Nagar,2079.0,5316,Khalilabad,True
20,Uttar Pradesh,292,Basti division,Sant Kabir Nagar,2079.0,5317,Mehdawal,True
20,Uttar Pradesh,292,Basti division,Siddharth Nagar,2078.0,5318,Bansi,True
20,Uttar Pradesh,292,Basti division,Siddharth Nagar,2078.0,5319,Domariyaganj,True
20,Uttar Pradesh,292,Basti division,Siddharth Nagar,2078.0,5320,Itwa,True
20,Uttar Pradesh,292,Basti division,Siddharth Nagar,2078.0,5321,Naugarh,True
20,Uttar Pradesh,292,Basti division,Siddharth Nagar,2078.0,5322,Shohratgarh,True
20,Uttar Pradesh,293,Chitrakoot division,Banda,2027.0,5323,Atarra,True
20,Uttar Pradesh,293,Chitrakoot division,Banda,2027.0,5324,Baberu,True
20,Uttar Pradesh,293,Chitrakoot division,Banda,2027.0,5325,Banda,True
20,Uttar Pradesh,293,Chitrakoot division,Banda,2027.0,5326,Naraini,True
20,Uttar Pradesh,293,Chitrakoot division,Chitrakoot,2071.0,5327,Karwi,True
20,Uttar Pradesh,293,Chitrakoot division,Chitrakoot,2071.0,5328,Mau,True
20,Uttar Pradesh,293,Chitrakoot division,Hamirpur,2026.0,5329,Hamirpur,True
20,Uttar Pradesh,293,Chitrakoot division,Hamirpur,2026.0,5330,Maudaha,True
20,Uttar Pradesh,293,Chitrakoot division,Hamirpur,2026.0,5331,Rath,True
20,Uttar Pradesh,293,Chitrakoot division,Mahoba,2070.0,5332,Charkhari,True
20,Uttar Pradesh,293,Chitrakoot division,Mahoba,2070.0,5333,Kulpahar,True
20,Uttar Pradesh,293,Chitrakoot division,Mahoba,2070.0,5334,Mahoba,True
20,Uttar Pradesh,294,Devipatan division,Bahraich,2045.0,5335,Bahraich,True
20,Uttar Pradesh,294,Devipatan division,Bahraich,2045.0,5336,Kaiserganj,True
20,Uttar Pradesh,294,Devipatan division,Bahraich,2045.0,5337,Mahasi,True
20,Uttar Pradesh,294,Devipatan division,Bahraich,2045.0,5338,Nanpara,True
20,Uttar Pradesh,294,Devipatan division,Balrampur,2081.0,5339,Balrampur,True
20,Uttar Pradesh,294,Devipatan division,Balrampur,2081.0,5340,Tulsipur,True
20,Uttar Pradesh,294,Devipatan division,Balrampur,2081.0,5341,Utraula,True
20,Uttar Pradesh,294,Devipatan division,Gonda,2044.0,5342,Colonelganj,True
20,Uttar Pradesh,294,Devipatan division,Gonda,2044.0,5343,Gonda,True
20,Uttar Pradesh,294,Devipatan division,Gonda,2044.0,5344,Mankapur,True
20,Uttar Pradesh,294,Devipatan division,Gonda,2044.0,5345,Tarabganj,True
20,Uttar Pradesh,294,Devipatan division,Shravasti,2082.0,5346,Bhinga,True
20,Uttar Pradesh,294,Devipatan division,Shravasti,2082.0,5347,Ikauna,True
20,Uttar Pradesh,294,Devipatan division,Shravasti,2082.0,5348,Payagpur,True
20,Uttar Pradesh,295,Faizabad division,Ambedkar Nagar,2080.0,5349,Akbarpur,True
20,Uttar Pradesh,295,Faizabad division,Ambedkar Nagar,2080.0,5350,Allapur,True
20,Uttar Pradesh,295,Faizabad division,Ambedkar Nagar,2080.0,5351,Jalalpur,True
20,Uttar Pradesh,295,Faizabad division,Ambedkar Nagar,2080.0,5352,Tanda,True
20,Uttar Pradesh,295,Faizabad division,Amethi,2087.0,5353,Amethi,True
20,Uttar Pradesh,295,Faizabad division,Amethi,2087.0,5354,Bahadurpur,True
20,Uttar Pradesh,295,Faizabad division,Amethi,2087.0,5355,Bhadar,True
20,Uttar Pradesh,295,Faizabad division,Amethi,2087.0,5356,Bhetua,True
20,Uttar Pradesh,295,Faizabad division,Amethi,2087.0,5357,Gauriganj,True
20,Uttar Pradesh,295,Faizabad division,Amethi,2087.0,5358,Jagdishpur,True
20,Uttar Pradesh,295,Faizabad division,Amethi,2087.0,5359,Jamo,True
20,Uttar Pradesh,295,Faizabad division,Amethi,2087.0,5360,Musafir Khana,True
20,Uttar Pradesh,295,Faizabad division,Amethi,2087.0,5361,Sangrampur,True
20,Uttar Pradesh,295,Faizabad division,Amethi,2087.0,5362,Shahgarh,True
20,Uttar Pradesh,295,Faizabad division,Amethi,2087.0,5363,Shukul Bazar,True
20,Uttar Pradesh,295,Faizabad division,Amethi,2087.0,5364,Singhpur,True
20,Uttar Pradesh,295,Faizabad division,Amethi,2087.0,5365,Tiloi,True
20,Uttar Pradesh,295,Faizabad division,Barabanki,2048.0,5366,Fatehpur,True
20,Uttar Pradesh,295,Faizabad division,Barabanki,2048.0,5367,Haidergarh,True
20,Uttar Pradesh,295,Faizabad division,Barabanki,2048.0,5368,Nawabganj,True
20,Uttar Pradesh,295,Faizabad division,Barabanki,2048.0,5369,Ramnagar,True
20,Uttar Pradesh,295,Faizabad division,Barabanki,2048.0,5370,Ramsanehighat,True
20,Uttar Pradesh,295,Faizabad division,Barabanki,2048.0,5371,Sirauli Gauspur,True
20,Uttar Pradesh,295,Faizabad division,Faizabad,2043.0,5372,Bikapur,True
20,Uttar Pradesh,295,Faizabad division,Faizabad,2043.0,5373,Faizabad,True
20,Uttar Pradesh,295,Faizabad division,Faizabad,2043.0,5374,Milkipur,True
20,Uttar Pradesh,295,Faizabad division,Faizabad,2043.0,5375,Rudauli,True
20,Uttar Pradesh,295,Faizabad division,Faizabad,2043.0,5376,Sohawal,True
20,Uttar Pradesh,295,Faizabad division,Sultanpur,2046.0,5377,Amethi,True
20,Uttar Pradesh,295,Faizabad division,Sultanpur,2046.0,5378,Gauriganj,True
20,Uttar Pradesh,295,Faizabad division,Sultanpur,2046.0,5379,Jaisinghpur,True
20,Uttar Pradesh,295,Faizabad division,Sultanpur,2046.0,5380,Kadipur,True
20,Uttar Pradesh,295,Faizabad division,Sultanpur,2046.0,5381,Lambhuwa,True
20,Uttar Pradesh,295,Faizabad division,Sultanpur,2046.0,5382,Musafirkhana,True
20,Uttar Pradesh,295,Faizabad division,Sultanpur,2046.0,5383,Sultanpur,True
20,Uttar Pradesh,296,Gorakhpur division,Deoria,2034.0,5384,Barhaj,True
20,Uttar Pradesh,296,Gorakhpur division,Deoria,2034.0,5385,Bhatpar Rani,True
20,Uttar Pradesh,296,Gorakhpur division,Deoria,2034.0,5386,Deoria,True
20,Uttar Pradesh,296,Gorakhpur division,Deoria,2034.0,5387,Rudrapur,True
20,Uttar Pradesh,296,Gorakhpur division,Deoria,2034.0,5388,Salempur,True
20,Uttar Pradesh,296,Gorakhpur division,Gorakhpur,2033.0,5389,Bansgaon,True
20,Uttar Pradesh,296,Gorakhpur division,Gorakhpur,2033.0,5390,Campierganj,True
20,Uttar Pradesh,296,Gorakhpur division,Gorakhpur,2033.0,5391,Chauri Chaura,True
20,Uttar Pradesh,296,Gorakhpur division,Gorakhpur,2033.0,5392,Gola,True
20,Uttar Pradesh,296,Gorakhpur division,Gorakhpur,2033.0,5393,Gorakhpur,True
20,Uttar Pradesh,296,Gorakhpur division,Gorakhpur,2033.0,5394,Khajani,True
20,Uttar Pradesh,296,Gorakhpur division,Gorakhpur,2033.0,5395,Sahjanwa,True
20,Uttar Pradesh,296,Gorakhpur division,Kushi Nagar (Padrauna),2077.0,5396,Hata,True
20,Uttar Pradesh,296,Gorakhpur division,Kushi Nagar (Padrauna),2077.0,5397,Kasya,True
20,Uttar Pradesh,296,Gorakhpur division,Kushi Nagar (Padrauna),2077.0,5398,Padrauna,True
20,Uttar Pradesh,296,Gorakhpur division,Kushi Nagar (Padrauna),2077.0,5399,Tamkuhi Raj,True
20,Uttar Pradesh,296,Gorakhpur division,Maharajganj,2076.0,5400,Maharajganj,True
20,Uttar Pradesh,296,Gorakhpur division,Maharajganj,2076.0,5401,Nautanwa,True
20,Uttar Pradesh,296,Gorakhpur division,Maharajganj,2076.0,5402,Nichlaul,True
20,Uttar Pradesh,296,Gorakhpur division,Maharajganj,2076.0,5403,Pharenda,True
20,Uttar Pradesh,297,Jhansi division,Jalaun,2025.0,5404,Jalaun,True
20,Uttar Pradesh,297,Jhansi division,Jalaun,2025.0,5405,Kalpi,True
20,Uttar Pradesh,297,Jhansi division,Jalaun,2025.0,5406,Konch,True
20,Uttar Pradesh,297,Jhansi division,Jalaun,2025.0,5407,Madhogarh,True
20,Uttar Pradesh,297,Jhansi division,Jalaun,2025.0,5408,Orai,True
20,Uttar Pradesh,297,Jhansi division,Jhansi,2024.0,5409,Garautha,True
20,Uttar Pradesh,297,Jhansi division,Jhansi,2024.0,5410,Jhansi,True
20,Uttar Pradesh,297,Jhansi division,Jhansi,2024.0,5411,Mauranipur,True
20,Uttar Pradesh,297,Jhansi division,Jhansi,2024.0,5412,Moth,True
20,Uttar Pradesh,297,Jhansi division,Jhansi,2024.0,5413,Tahrauli,True
20,Uttar Pradesh,297,Jhansi division,Lalitpur,2023.0,5414,Lalitpur,True
20,Uttar Pradesh,297,Jhansi division,Lalitpur,2023.0,5415,Mahroni,True
20,Uttar Pradesh,297,Jhansi division,Lalitpur,2023.0,5416,Talbehat,True
20,Uttar Pradesh,298,Kanpur division,Auraiya,2068.0,5417,Auraiya,True
20,Uttar Pradesh,298,Kanpur division,Auraiya,2068.0,5418,Bidhuna,True
20,Uttar Pradesh,298,Kanpur division,Etawah,2019.0,5419,Bharthana,True
20,Uttar Pradesh,298,Kanpur division,Etawah,2019.0,5420,Chakarnagar,True
20,Uttar Pradesh,298,Kanpur division,Etawah,2019.0,5421,Etawah,True
20,Uttar Pradesh,298,Kanpur division,Etawah,2019.0,5422,Jaswantnagar,True
20,Uttar Pradesh,298,Kanpur division,Etawah,2019.0,5423,Saifai,True
20,Uttar Pradesh,298,Kanpur division,Farrukhabad,2018.0,5424,Amritpur,True
20,Uttar Pradesh,298,Kanpur division,Farrukhabad,2018.0,5425,Farrukhabad,True
20,Uttar Pradesh,298,Kanpur division,Farrukhabad,2018.0,5426,Kaimganj,True
20,Uttar Pradesh,298,Kanpur division,Kannauj,2067.0,5427,Chhibramau,True
20,Uttar Pradesh,298,Kanpur division,Kannauj,2067.0,5428,Kannauj,True
20,Uttar Pradesh,298,Kanpur division,Kannauj,2067.0,5429,Tirwa,True
20,Uttar Pradesh,298,Kanpur division,Kanpur Dehat,2083.0,5430,Akbarpur,True
20,Uttar Pradesh,298,Kanpur division,Kanpur Dehat,2083.0,5431,Bhognipur,True
20,Uttar Pradesh,298,Kanpur division,Kanpur Dehat,2083.0,5432,Derapur,True
20,Uttar Pradesh,298,Kanpur division,Kanpur Dehat,2083.0,5433,Rasulabad,True
20,Uttar Pradesh,298,Kanpur division,Kanpur Dehat,2083.0,5434,Sikandra,True
20,Uttar Pradesh,298,Kanpur division,Kanpur Nagar,2020.0,5435,Bilhaur,True
20,Uttar Pradesh,298,Kanpur division,Kanpur Nagar,2020.0,5436,Ghatampur,True
20,Uttar Pradesh,298,Kanpur division,Kanpur Nagar,2020.0,5437,Kanpur,True
20,Uttar Pradesh,299,Lucknow division,Hardoi,2041.0,5438,Bilgram,True
20,Uttar Pradesh,299,Lucknow division,Hardoi,2041.0,5439,Hardoi,True
20,Uttar Pradesh,299,Lucknow division,Hardoi,2041.0,5440,Sandila,True
20,Uttar Pradesh,299,Lucknow division,Hardoi,2041.0,5441,Sawayajpur,True
20,Uttar Pradesh,299,Lucknow division,Hardoi,2041.0,5442,Shahabad,True
20,Uttar Pradesh,299,Lucknow division,Lakhimpur Kheri,2042.0,5443,Mohammadi,True
20,Uttar Pradesh,299,Lucknow division,Lakhimpur Kheri,2042.0,5444,palia,True
20,Uttar Pradesh,299,Lucknow division,Lucknow,2037.0,5445,Bakshi Ka Talab,True
20,Uttar Pradesh,299,Lucknow division,Lucknow,2037.0,5446,Lucknow,True
20,Uttar Pradesh,299,Lucknow division,Lucknow,2037.0,5447,Malihabad,True
20,Uttar Pradesh,299,Lucknow division,Lucknow,2037.0,5448,Mohanlalganj,True
20,Uttar Pradesh,299,Lucknow division,Rae Bareli,2039.0,5449,Dalmau,True
20,Uttar Pradesh,299,Lucknow division,Rae Bareli,2039.0,5450,Lalganj,True
20,Uttar Pradesh,299,Lucknow division,Rae Bareli,2039.0,5451,Maharajganj,True
20,Uttar Pradesh,299,Lucknow division,Rae Bareli,2039.0,5452,Rae Bareli,True
20,Uttar Pradesh,299,Lucknow division,Rae Bareli,2039.0,5453,Salon,True
20,Uttar Pradesh,299,Lucknow division,Rae Bareli,2039.0,5454,Tiloi,True
20,Uttar Pradesh,299,Lucknow division,Rae Bareli,2039.0,5455,Unchahar,True
20,Uttar Pradesh,299,Lucknow division,Sitapur,2040.0,5456,Biswan,True
20,Uttar Pradesh,299,Lucknow division,Sitapur,2040.0,5457,Laharpur,True
20,Uttar Pradesh,299,Lucknow division,Sitapur,2040.0,5458,Mahmudabad,True
20,Uttar Pradesh,299,Lucknow division,Sitapur,2040.0,5459,Misrikh,True
20,Uttar Pradesh,299,Lucknow division,Sitapur,2040.0,5460,Sidhauli,True
20,Uttar Pradesh,299,Lucknow division,Sitapur,2040.0,5461,Sitapur,True
20,Uttar Pradesh,299,Lucknow division,Unnao,2038.0,5462,Bighapur,True
20,Uttar Pradesh,299,Lucknow division,Unnao,2038.0,5463,Hasanganj,True
20,Uttar Pradesh,299,Lucknow division,Unnao,2038.0,5464,Purwa,True
20,Uttar Pradesh,299,Lucknow division,Unnao,2038.0,5465,Safipur,True
20,Uttar Pradesh,299,Lucknow division,Unnao,2038.0,5466,Unnao,True
20,Uttar Pradesh,300,Meerut division,Baghpat,2062.0,5467,Baghpat,True
20,Uttar Pradesh,300,Meerut division,Baghpat,2062.0,5468,Baraut,True
20,Uttar Pradesh,300,Meerut division,Baghpat,2062.0,5469,Khekada,True
20,Uttar Pradesh,300,Meerut division,Bulandshahar,2005.0,5470,Anupshahr,True
20,Uttar Pradesh,300,Meerut division,Bulandshahar,2005.0,5471,Bulandshahr,True
20,Uttar Pradesh,300,Meerut division,Bulandshahar,2005.0,5472,Debai,True
20,Uttar Pradesh,300,Meerut division,Bulandshahar,2005.0,5473,Khurja,True
20,Uttar Pradesh,300,Meerut division,Bulandshahar,2005.0,5474,Shikarpur,True
20,Uttar Pradesh,300,Meerut division,Bulandshahar,2005.0,5475,Siana,True
20,Uttar Pradesh,300,Meerut division,Bulandshahar,2005.0,5476,Sikandrabad,True
20,Uttar Pradesh,300,Meerut division,Gautam Buddha Nagar,2063.0,5477,Dadri,True
20,Uttar Pradesh,300,Meerut division,Gautam Buddha Nagar,2063.0,5478,Gautam Buddha Nagar,True
20,Uttar Pradesh,300,Meerut division,Gautam Buddha Nagar,2063.0,5479,Jewar,True
20,Uttar Pradesh,300,Meerut division,Ghaziabad,2004.0,5480,Garhmukteshwar,True
20,Uttar Pradesh,300,Meerut division,Ghaziabad,2004.0,5481,Ghaziabad,True
20,Uttar Pradesh,300,Meerut division,Ghaziabad,2004.0,5482,Hapur,True
20,Uttar Pradesh,300,Meerut division,Ghaziabad,2004.0,5483,Modinagar,True
20,Uttar Pradesh,300,Meerut division,Hapur,2085.0,5484,dhaulana,True
20,Uttar Pradesh,300,Meerut division,Hapur,2085.0,5485,Garhmukteshwar Hapur,True
20,Uttar Pradesh,300,Meerut division,Meerut,2003.0,5486,Mawana,True
20,Uttar Pradesh,300,Meerut division,Meerut,2003.0,5487,Meerut,True
20,Uttar Pradesh,300,Meerut division,Meerut,2003.0,5488,Sardhana,True
20,Uttar Pradesh,301,Mirzapur division,Mirzapur,2029.0,5489,Chunar,True
20,Uttar Pradesh,301,Mirzapur division,Mirzapur,2029.0,5490,Lalganj,True
20,Uttar Pradesh,301,Mirzapur division,Mirzapur,2029.0,5491,Marihan,True
20,Uttar Pradesh,301,Mirzapur division,Mirzapur,2029.0,5492,Mirzapur,True
20,Uttar Pradesh,301,Mirzapur division,Sant Ravidas Nagar,2074.0,5493,Bhadohi,True
20,Uttar Pradesh,301,Mirzapur division,Sant Ravidas Nagar,2074.0,5494,Gyanpur,True
20,Uttar Pradesh,301,Mirzapur division,Sonbhadra,2073.0,5495,Dudhi,True
20,Uttar Pradesh,301,Mirzapur division,Sonbhadra,2073.0,5496,Ghorawal,True
20,Uttar Pradesh,301,Mirzapur division,Sonbhadra,2073.0,5497,Robertsganj,True
20,Uttar Pradesh,302,Moradabad division,Amroha,2066.0,5498,Gajraula,True
20,Uttar Pradesh,302,Moradabad division,Bijnor,2015.0,5499,Bijnor,True
20,Uttar Pradesh,302,Moradabad division,Bijnor,2015.0,5500,Chandpur,True
20,Uttar Pradesh,302,Moradabad division,Bijnor,2015.0,5501,Dhampur,True
20,Uttar Pradesh,302,Moradabad division,Bijnor,2015.0,5502,Nagina,True
20,Uttar Pradesh,302,Moradabad division,Bijnor,2015.0,5503,Najibabad,True
20,Uttar Pradesh,302,Moradabad division,Moradabad,2016.0,5504,Bilari,True
20,Uttar Pradesh,302,Moradabad division,Moradabad,2016.0,5505,Chandausi,True
20,Uttar Pradesh,302,Moradabad division,Moradabad,2016.0,5506,Moradabad,True
20,Uttar Pradesh,302,Moradabad division,Moradabad,2016.0,5507,Sambhal,True
20,Uttar Pradesh,302,Moradabad division,Moradabad,2016.0,5508,Thakurdwara,True
20,Uttar Pradesh,302,Moradabad division,Rampur,2017.0,5509,Bilaspur,True
20,Uttar Pradesh,302,Moradabad division,Rampur,2017.0,5510,Milak,True
20,Uttar Pradesh,302,Moradabad division,Rampur,2017.0,5511,Rampur,True
20,Uttar Pradesh,302,Moradabad division,Rampur,2017.0,5512,Shahabad,True
20,Uttar Pradesh,302,Moradabad division,Rampur,2017.0,5513,Suar,True
20,Uttar Pradesh,302,Moradabad division,Sambhal,2086.0,5514,sambhal,True
20,Uttar Pradesh,303,Saharanpur division,Muzaffarnagar,2002.0,5515,Budhana,True
20,Uttar Pradesh,303,Saharanpur division,Muzaffarnagar,2002.0,5516,Jansath,True
20,Uttar Pradesh,303,Saharanpur division,Muzaffarnagar,2002.0,5517,Kairana,True
20,Uttar Pradesh,303,Saharanpur division,Muzaffarnagar,2002.0,5518,khatauli,True
20,Uttar Pradesh,303,Saharanpur division,Muzaffarnagar,2002.0,5519,Muzaffarnagar,True
20,Uttar Pradesh,303,Saharanpur division,Muzaffarnagar,2002.0,5520,Shamli,True
20,Uttar Pradesh,303,Saharanpur division,Saharanpur,2001.0,5521,Behat,True
20,Uttar Pradesh,303,Saharanpur division,Saharanpur,2001.0,5522,Deoband,True
20,Uttar Pradesh,303,Saharanpur division,Saharanpur,2001.0,5523,Nakur,True
20,Uttar Pradesh,303,Saharanpur division,Saharanpur,2001.0,5524,Saharanpur,True
20,Uttar Pradesh,303,Saharanpur division,Shamali,2084.0,5525,shamli,True
20,Uttar Pradesh,304,Varanasi division,Chandauli,2072.0,5526,Chakia,True
20,Uttar Pradesh,304,Varanasi division,Chandauli,2072.0,5527,Chandauli,True
20,Uttar Pradesh,304,Varanasi division,Chandauli,2072.0,5528,Sakaldiha,True
20,Uttar Pradesh,304,Varanasi division,Ghazipur,2031.0,5529,Ghazipur,True
20,Uttar Pradesh,304,Varanasi division,Ghazipur,2031.0,5530,Jakhanian,True
20,Uttar Pradesh,304,Varanasi division,Ghazipur,2031.0,5531,Mohammadabad,True
20,Uttar Pradesh,304,Varanasi division,Ghazipur,2031.0,5532,Saidpur,True
20,Uttar Pradesh,304,Varanasi division,Ghazipur,2031.0,5533,Zamania,True
20,Uttar Pradesh,304,Varanasi division,Jaunpur,2030.0,5534,Badlapur,True
20,Uttar Pradesh,304,Varanasi division,Jaunpur,2030.0,5535,Jaunpur,True
20,Uttar Pradesh,304,Varanasi division,Jaunpur,2030.0,5536,Kerakat,True
20,Uttar Pradesh,304,Varanasi division,Jaunpur,2030.0,5537,Machhlishahr,True
20,Uttar Pradesh,304,Varanasi division,Jaunpur,2030.0,5538,Mariahu,True
20,Uttar Pradesh,304,Varanasi division,Jaunpur,2030.0,5539,Shahganj,True
20,Uttar Pradesh,304,Varanasi division,Varanasi,2028.0,5540,Pindra,True
20,Uttar Pradesh,304,Varanasi division,Varanasi,2028.0,5541,Varanasi,True
25,Uttarakhand,305,Garhwal,Chamoli,2503.0,5542,Dasholi,True
25,Uttarakhand,305,Garhwal,Chamoli,2503.0,5543,Dewal,True
25,Uttarakhand,305,Garhwal,Chamoli,2503.0,5544,Gairsain,True
25,Uttarakhand,305,Garhwal,Chamoli,2503.0,5545,Ghat,True
25,Uttarakhand,305,Garhwal,Chamoli,2503.0,5546,Joshimath,True
25,Uttarakhand,305,Garhwal,Chamoli,2503.0,5547,Karnaprayag,True
25,Uttarakhand,305,Garhwal,Chamoli,2503.0,5548,Narayanbagar,True
25,Uttarakhand,305,Garhwal,Chamoli,2503.0,5549,Pokhari,True
25,Uttarakhand,305,Garhwal,Chamoli,2503.0,5550,Tharali,True
25,Uttarakhand,305,Garhwal,Dehradun,2505.0,5551,Chakrata,True
25,Uttarakhand,305,Garhwal,Dehradun,2505.0,5552,Doiwala,True
25,Uttarakhand,305,Garhwal,Dehradun,2505.0,5553,Kalsi,True
25,Uttarakhand,305,Garhwal,Dehradun,2505.0,5554,Raipur,True
25,Uttarakhand,305,Garhwal,Dehradun,2505.0,5555,Sahaspur,True
25,Uttarakhand,305,Garhwal,Dehradun,2505.0,5556,Vikasnagar,True
25,Uttarakhand,305,Garhwal,Haridwar,2506.0,5557,Bahadrabad,True
25,Uttarakhand,305,Garhwal,Haridwar,2506.0,5558,Bhagwanpur,True
25,Uttarakhand,305,Garhwal,Haridwar,2506.0,5559,Khanpur,True
25,Uttarakhand,305,Garhwal,Haridwar,2506.0,5560,Laksar,True
25,Uttarakhand,305,Garhwal,Haridwar,2506.0,5561,Narsan,True
25,Uttarakhand,305,Garhwal,Haridwar,2506.0,5562,Roorkee,True
25,Uttarakhand,305,Garhwal,Pauri Garhwal,2508.0,5563,Bironkhal,True
25,Uttarakhand,305,Garhwal,Pauri Garhwal,2508.0,5564,Dugadda,True
25,Uttarakhand,305,Garhwal,Pauri Garhwal,2508.0,5565,Dwarikhal,True
25,Uttarakhand,305,Garhwal,Pauri Garhwal,2508.0,5566,Ekeshwar,True
25,Uttarakhand,305,Garhwal,Pauri Garhwal,2508.0,5567,Jaiharikhal,True
25,Uttarakhand,305,Garhwal,Pauri Garhwal,2508.0,5568,Kaljikhal,True
25,Uttarakhand,305,Garhwal,Pauri Garhwal,2508.0,5569,Khirsu,True
25,Uttarakhand,305,Garhwal,Pauri Garhwal,2508.0,5570,Kot,True
25,Uttarakhand,305,Garhwal,Pauri Garhwal,2508.0,5571,Nainidanda,True
25,Uttarakhand,305,Garhwal,Pauri Garhwal,2508.0,5572,Pabo,True
25,Uttarakhand,305,Garhwal,Pauri Garhwal,2508.0,5573,Pauri,True
25,Uttarakhand,305,Garhwal,Pauri Garhwal,2508.0,5574,Pokhara,True
25,Uttarakhand,305,Garhwal,Pauri Garhwal,2508.0,5575,Rikhanikhal,True
25,Uttarakhand,305,Garhwal,Pauri Garhwal,2508.0,5576,Thalisain,True
25,Uttarakhand,305,Garhwal,Pauri Garhwal,2508.0,5577,Yamkeshwar,True
25,Uttarakhand,305,Garhwal,Rudraprayag,2510.0,5578,Agastmuni,True
25,Uttarakhand,305,Garhwal,Rudraprayag,2510.0,5579,Jakholi,True
25,Uttarakhand,305,Garhwal,Rudraprayag,2510.0,5580,Ukhimath,True
25,Uttarakhand,305,Garhwal,Tehri Garhwal,2511.0,5581,Bhilangna,True
25,Uttarakhand,305,Garhwal,Tehri Garhwal,2511.0,5582,Chamba,True
25,Uttarakhand,305,Garhwal,Tehri Garhwal,2511.0,5583,Devprayag,True
25,Uttarakhand,305,Garhwal,Tehri Garhwal,2511.0,5584,Jakhanidhar,True
25,Uttarakhand,305,Garhwal,Tehri Garhwal,2511.0,5585,Jaunpur,True
25,Uttarakhand,305,Garhwal,Tehri Garhwal,2511.0,5586,Kirtinagar,True
25,Uttarakhand,305,Garhwal,Tehri Garhwal,2511.0,5587,Narendranagar,True
25,Uttarakhand,305,Garhwal,Tehri Garhwal,2511.0,5588,Pratapnagar,True
25,Uttarakhand,305,Garhwal,Tehri Garhwal,2511.0,5589,Thauldhar,True
25,Uttarakhand,305,Garhwal,Uttarkashi,2513.0,5590,Bhatwari,True
25,Uttarakhand,305,Garhwal,Uttarkashi,2513.0,5591,Chinyalisaur,True
25,Uttarakhand,305,Garhwal,Uttarkashi,2513.0,5592,Dunda,True
25,Uttarakhand,305,Garhwal,Uttarkashi,2513.0,5593,Mori,True
25,Uttarakhand,305,Garhwal,Uttarkashi,2513.0,5594,Naugaon,True
25,Uttarakhand,305,Garhwal,Uttarkashi,2513.0,5595,Purola,True
25,Uttarakhand,306,Kumaon,Almora,2501.0,5596,Bhainsiyachhana,True
25,Uttarakhand,306,Kumaon,Almora,2501.0,5597,Bhikiyasain,True
25,Uttarakhand,306,Kumaon,Almora,2501.0,5598,Chaukhutia,True
25,Uttarakhand,306,Kumaon,Almora,2501.0,5599,Dhaula Devi,True
25,Uttarakhand,306,Kumaon,Almora,2501.0,5600,Dwarahat,True
25,Uttarakhand,306,Kumaon,Almora,2501.0,5601,Hawalbagh,True
25,Uttarakhand,306,Kumaon,Almora,2501.0,5602,Lamgara,True
25,Uttarakhand,306,Kumaon,Almora,2501.0,5603,Salt,True
25,Uttarakhand,306,Kumaon,Almora,2501.0,5604,Syalde,True
25,Uttarakhand,306,Kumaon,Almora,2501.0,5605,Takula,True
25,Uttarakhand,306,Kumaon,Almora,2501.0,5606,Tarikhet,True
25,Uttarakhand,306,Kumaon,Bageshwar,2502.0,5607,Bageshwar,True
25,Uttarakhand,306,Kumaon,Bageshwar,2502.0,5608,Garur,True
25,Uttarakhand,306,Kumaon,Bageshwar,2502.0,5609,Kapkot,True
25,Uttarakhand,306,Kumaon,Champawat,2504.0,5610,Barakot,True
25,Uttarakhand,306,Kumaon,Champawat,2504.0,5611,Champawat,True
25,Uttarakhand,306,Kumaon,Champawat,2504.0,5612,Lohaghat,True
25,Uttarakhand,306,Kumaon,Champawat,2504.0,5613,Pati,True
25,Uttarakhand,306,Kumaon,Nainital,2507.0,5614,Betalghat,True
25,Uttarakhand,306,Kumaon,Nainital,2507.0,5615,Bhimtal,True
25,Uttarakhand,306,Kumaon,Nainital,2507.0,5616,Dhari,True
25,Uttarakhand,306,Kumaon,Nainital,2507.0,5617,Haldwani,True
25,Uttarakhand,306,Kumaon,Nainital,2507.0,5618,Kotabagh,True
25,Uttarakhand,306,Kumaon,Nainital,2507.0,5619,Okhalkanda,True
25,Uttarakhand,306,Kumaon,Nainital,2507.0,5620,Ramgarh,True
25,Uttarakhand,306,Kumaon,Nainital,2507.0,5621,Ramnagar,True
25,Uttarakhand,306,Kumaon,Pithoragarh,2509.0,5622,Berinag,True
25,Uttarakhand,306,Kumaon,Pithoragarh,2509.0,5623,Dharchula,True
25,Uttarakhand,306,Kumaon,Pithoragarh,2509.0,5624,Didihat,True
25,Uttarakhand,306,Kumaon,Pithoragarh,2509.0,5625,Gangolihat,True
25,Uttarakhand,306,Kumaon,Pithoragarh,2509.0,5626,Kanalichhina,True
25,Uttarakhand,306,Kumaon,Pithoragarh,2509.0,5627,Munakot,True
25,Uttarakhand,306,Kumaon,Pithoragarh,2509.0,5628,Munsiari,True
25,Uttarakhand,306,Kumaon,Pithoragarh,2509.0,5629,Pithoragarh,True
25,Uttarakhand,306,Kumaon,Udham Singh Nagar,2512.0,5630,Bajpur,True
25,Uttarakhand,306,Kumaon,Udham Singh Nagar,2512.0,5631,Gadarpur,True
25,Uttarakhand,306,Kumaon,Udham Singh Nagar,2512.0,5632,Jaspur,True
25,Uttarakhand,306,Kumaon,Udham Singh Nagar,2512.0,5633,Kashipur,True
25,Uttarakhand,306,Kumaon,Udham Singh Nagar,2512.0,5634,Khatima,True
25,Uttarakhand,306,Kumaon,Udham Singh Nagar,2512.0,5635,Rudrapur,True
25,Uttarakhand,306,Kumaon,Udham Singh Nagar,2512.0,5636,Sitarganj,True
21,West Bengal,307,Burdwan,Birbhum,2113.0,5637,Bolpur Sriniketan,True
21,West Bengal,307,Burdwan,Birbhum,2113.0,5638,Dubrajpur,True
21,West Bengal,307,Burdwan,Birbhum,2113.0,5639,Illambazar,True
21,West Bengal,307,Burdwan,Birbhum,2113.0,5640,Khoyrasol,True
21,West Bengal,307,Burdwan,Birbhum,2113.0,5641,Labpur,True
21,West Bengal,307,Burdwan,Birbhum,2113.0,5642,Mayureswar - I,True
21,West Bengal,307,Burdwan,Birbhum,2113.0,5643,Mayureswar - II,True
21,West Bengal,307,Burdwan,Birbhum,2113.0,5644,Mohammad Bazar,True
21,West Bengal,307,Burdwan,Birbhum,2113.0,5645,Murarai - I,True
21,West Bengal,307,Burdwan,Birbhum,2113.0,5646,Murarai - II,True
21,West Bengal,307,Burdwan,Birbhum,2113.0,5647,Nalhati - I,True
21,West Bengal,307,Burdwan,Birbhum,2113.0,5648,Nalhati - II,True
21,West Bengal,307,Burdwan,Birbhum,2113.0,5649,Nanoor,True
21,West Bengal,307,Burdwan,Birbhum,2113.0,5650,Rajnagar,True
21,West Bengal,307,Burdwan,Birbhum,2113.0,5651,Rampurhat - I,True
21,West Bengal,307,Burdwan,Birbhum,2113.0,5652,Rampurhat - II,True
21,West Bengal,307,Burdwan,Birbhum,2113.0,5653,Sainthia,True
21,West Bengal,307,Burdwan,Birbhum,2113.0,5654,Suri - I,True
21,West Bengal,307,Burdwan,Birbhum,2113.0,5655,Suri - II,True
21,West Bengal,307,Burdwan,Hooghly,2111.0,5656,Arambag,True
21,West Bengal,307,Burdwan,Hooghly,2111.0,5657,Balagarh,True
21,West Bengal,307,Burdwan,Hooghly,2111.0,5658,Chanditala - I,True
21,West Bengal,307,Burdwan,Hooghly,2111.0,5659,Chanditala - II,True
21,West Bengal,307,Burdwan,Hooghly,2111.0,5660,Chinsurah - Magra,True
21,West Bengal,307,Burdwan,Hooghly,2111.0,5661,Dhaniakhali,True
21,West Bengal,307,Burdwan,Hooghly,2111.0,5662,Goghat - I,True
21,West Bengal,307,Burdwan,Hooghly,2111.0,5663,Goghat - II,True
21,West Bengal,307,Burdwan,Hooghly,2111.0,5664,Haripal,True
21,West Bengal,307,Burdwan,Hooghly,2111.0,5665,Jangipara,True
21,West Bengal,307,Burdwan,Hooghly,2111.0,5666,Khanakul - I,True
21,West Bengal,307,Burdwan,Hooghly,2111.0,5667,Khanakul - II,True
21,West Bengal,307,Burdwan,Hooghly,2111.0,5668,Pandua,True
21,West Bengal,307,Burdwan,Hooghly,2111.0,5669,Polba - Dadpur,True
21,West Bengal,307,Burdwan,Hooghly,2111.0,5670,Pursura,True
21,West Bengal,307,Burdwan,Hooghly,2111.0,5671,Serampur Uttarpara,True
21,West Bengal,307,Burdwan,Hooghly,2111.0,5672,Singur,True
21,West Bengal,307,Burdwan,Hooghly,2111.0,5673,Tarakeswar,True
21,West Bengal,307,Burdwan,Paschim Bardhaman,2124.0,5674,barabani,True
21,West Bengal,307,Burdwan,Paschim Bardhaman,2124.0,5675,Durgapur,True
21,West Bengal,307,Burdwan,Paschim Bardhaman,2124.0,5676,Faridpur-Durgapur,True
21,West Bengal,307,Burdwan,Paschim Bardhaman,2124.0,5677,jamuria,True
21,West Bengal,307,Burdwan,Paschim Bardhaman,2124.0,5678,kanksa,True
21,West Bengal,307,Burdwan,Purba Bardhaman,2112.0,5679,burdwan,True
21,West Bengal,308,Jalpaiguri,Alipurduar,2104.0,5680,alipurduar,True
21,West Bengal,308,Jalpaiguri,Alipurduar,2104.0,5681,Alipurduar,True
21,West Bengal,308,Jalpaiguri,Cooch Bihar,2103.0,5682,Cooch Behar-I,True
21,West Bengal,308,Jalpaiguri,Cooch Bihar,2103.0,5683,Cooch Behar-II,True
21,West Bengal,308,Jalpaiguri,Cooch Bihar,2103.0,5684,Dinhata-I,True
21,West Bengal,308,Jalpaiguri,Cooch Bihar,2103.0,5685,Dinhata-II,True
21,West Bengal,308,Jalpaiguri,Cooch Bihar,2103.0,5686,Haldibari,True
21,West Bengal,308,Jalpaiguri,Cooch Bihar,2103.0,5687,Mathabhanga-I,True
21,West Bengal,308,Jalpaiguri,Cooch Bihar,2103.0,5688,Mathabhanga-II,True
21,West Bengal,308,Jalpaiguri,Cooch Bihar,2103.0,5689,Mekhliganj,True
21,West Bengal,308,Jalpaiguri,Cooch Bihar,2103.0,5690,Sitai,True
21,West Bengal,308,Jalpaiguri,Cooch Bihar,2103.0,5691,Sitalkuchi,True
21,West Bengal,308,Jalpaiguri,Cooch Bihar,2103.0,5692,Tufanganj-I,True
21,West Bengal,308,Jalpaiguri,Cooch Bihar,2103.0,5693,Tufanganj-II,True
21,West Bengal,308,Jalpaiguri,Darjeeling,2101.0,5694,Darjeeling Pulbazar,True
21,West Bengal,308,Jalpaiguri,Darjeeling,2101.0,5695,Gorubathan,True
21,West Bengal,308,Jalpaiguri,Darjeeling,2101.0,5696,Jorebunglow Sukiapokhri,True
21,West Bengal,308,Jalpaiguri,Darjeeling,2101.0,5697,Kalimpong - II,True
21,West Bengal,308,Jalpaiguri,Darjeeling,2101.0,5698,Kalimpong -I,True
21,West Bengal,308,Jalpaiguri,Darjeeling,2101.0,5699,Kharibari,True
21,West Bengal,308,Jalpaiguri,Darjeeling,2101.0,5700,Kurseong,True
21,West Bengal,308,Jalpaiguri,Darjeeling,2101.0,5701,Matigara,True
21,West Bengal,308,Jalpaiguri,Darjeeling,2101.0,5702,Mirik,True
21,West Bengal,308,Jalpaiguri,Darjeeling,2101.0,5703,Naxalbari,True
21,West Bengal,308,Jalpaiguri,Darjeeling,2101.0,5704,Phansidewa,True
21,West Bengal,308,Jalpaiguri,Darjeeling,2101.0,5705,Rangli Rangliot,True
21,West Bengal,308,Jalpaiguri,Jalpaiguri,2102.0,5706,Alipurduar - I,True
21,West Bengal,308,Jalpaiguri,Jalpaiguri,2102.0,5707,Alipurduar - II,True
21,West Bengal,308,Jalpaiguri,Jalpaiguri,2102.0,5708,Dhupguri,True
21,West Bengal,308,Jalpaiguri,Jalpaiguri,2102.0,5709,Falakata,True
21,West Bengal,308,Jalpaiguri,Jalpaiguri,2102.0,5710,Jalpaiguri,True
21,West Bengal,308,Jalpaiguri,Jalpaiguri,2102.0,5711,Kalchini,True
21,West Bengal,308,Jalpaiguri,Jalpaiguri,2102.0,5712,Kumargram,True
21,West Bengal,308,Jalpaiguri,Jalpaiguri,2102.0,5713,Madarihat,True
21,West Bengal,308,Jalpaiguri,Jalpaiguri,2102.0,5714,mal,True
21,West Bengal,308,Jalpaiguri,Jalpaiguri,2102.0,5715,Mal,True
21,West Bengal,308,Jalpaiguri,Jalpaiguri,2102.0,5716,Matiali,True
21,West Bengal,308,Jalpaiguri,Jalpaiguri,2102.0,5717,Maynaguri,True
21,West Bengal,308,Jalpaiguri,Jalpaiguri,2102.0,5718,Nagrakata,True
21,West Bengal,308,Jalpaiguri,Jalpaiguri,2102.0,5719,Rajganj,True
21,West Bengal,308,Jalpaiguri,Jalpaiguri,2102.0,5720,rajgunj,True
21,West Bengal,308,Jalpaiguri,Kalimpong,2123.0,5721,Gorubathan,True
21,West Bengal,308,Jalpaiguri,Kalimpong,2123.0,5722,Kalimpong - Ii,True
21,West Bengal,308,Jalpaiguri,Kalimpong,2123.0,5723,Kalimpong -i,True
21,West Bengal,308,Jalpaiguri,Kalimpong,2123.0,5724,Lava,True
21,West Bengal,308,Jalpaiguri,Kalimpong,2123.0,5725,Pedong,True
21,West Bengal,309,Malda,Dakshin Dinajpur,2119.0,5726,Balurghat,True
21,West Bengal,309,Malda,Dakshin Dinajpur,2119.0,5727,Bansihari,True
21,West Bengal,309,Malda,Dakshin Dinajpur,2119.0,5728,Gangarampur,True
21,West Bengal,309,Malda,Dakshin Dinajpur,2119.0,5729,Harirampur,True
21,West Bengal,309,Malda,Dakshin Dinajpur,2119.0,5730,Hilli,True
21,West Bengal,309,Malda,Dakshin Dinajpur,2119.0,5731,Kumarganj,True
21,West Bengal,309,Malda,Dakshin Dinajpur,2119.0,5732,Kushmundi,True
21,West Bengal,309,Malda,Dakshin Dinajpur,2119.0,5733,Tapan,True
21,West Bengal,309,Malda,Malda,2105.0,5734,Bamangola,True
21,West Bengal,309,Malda,Malda,2105.0,5735,Chanchal - I,True
21,West Bengal,309,Malda,Malda,2105.0,5736,Chanchal - II,True
21,West Bengal,309,Malda,Malda,2105.0,5737,English Bazar,True
21,West Bengal,309,Malda,Malda,2105.0,5738,Gazole,True
21,West Bengal,309,Malda,Malda,2105.0,5739,Habibpur,True
21,West Bengal,309,Malda,Malda,2105.0,5740,Harishchandrapur - I,True
21,West Bengal,309,Malda,Malda,2105.0,5741,Harishchandrapur - II,True
21,West Bengal,309,Malda,Malda,2105.0,5742,Kaliachak - I,True
21,West Bengal,309,Malda,Malda,2105.0,5743,Kaliachak - II,True
21,West Bengal,309,Malda,Malda,2105.0,5744,Kaliachak - III,True
21,West Bengal,309,Malda,Malda,2105.0,5745,Maldah (old),True
21,West Bengal,309,Malda,Malda,2105.0,5746,Manikchak,True
21,West Bengal,309,Malda,Malda,2105.0,5747,Ratua - I,True
21,West Bengal,309,Malda,Malda,2105.0,5748,Ratua - II,True
21,West Bengal,309,Malda,Murshidabad,2106.0,5749,Beldanga - I,True
21,West Bengal,309,Malda,Murshidabad,2106.0,5750,Beldanga - II,True
21,West Bengal,309,Malda,Murshidabad,2106.0,5751,Berhampore,True
21,West Bengal,309,Malda,Murshidabad,2106.0,5752,Bhagawangola - I,True
21,West Bengal,309,Malda,Murshidabad,2106.0,5753,Bhagawangola - II,True
21,West Bengal,309,Malda,Murshidabad,2106.0,5754,Bharatpur - I,True
21,West Bengal,309,Malda,Murshidabad,2106.0,5755,Bharatpur - II,True
21,West Bengal,309,Malda,Murshidabad,2106.0,5756,Burwan,True
21,West Bengal,309,Malda,Murshidabad,2106.0,5757,Domkal,True
21,West Bengal,309,Malda,Murshidabad,2106.0,5758,Farakka,True
21,West Bengal,309,Malda,Murshidabad,2106.0,5759,Hariharpara,True
21,West Bengal,309,Malda,Murshidabad,2106.0,5760,Jalangi,True
21,West Bengal,309,Malda,Murshidabad,2106.0,5761,Kandi,True
21,West Bengal,309,Malda,Murshidabad,2106.0,5762,Khargram,True
21,West Bengal,309,Malda,Murshidabad,2106.0,5763,Lalgola,True
21,West Bengal,309,Malda,Murshidabad,2106.0,5764,Murshidabad Jiaganj,True
21,West Bengal,309,Malda,Murshidabad,2106.0,5765,Nabagram,True
21,West Bengal,309,Malda,Murshidabad,2106.0,5766,Nawda,True
21,West Bengal,309,Malda,Murshidabad,2106.0,5767,Raghunathganj - I,True
21,West Bengal,309,Malda,Murshidabad,2106.0,5768,Raghunathganj - II,True
21,West Bengal,309,Malda,Murshidabad,2106.0,5769,Raninagar - I,True
21,West Bengal,309,Malda,Murshidabad,2106.0,5770,Raninagar - II,True
21,West Bengal,309,Malda,Murshidabad,2106.0,5771,Sagardighi,True
21,West Bengal,309,Malda,Murshidabad,2106.0,5772,Samserganj,True
21,West Bengal,309,Malda,Murshidabad,2106.0,5773,Suti - I,True
21,West Bengal,309,Malda,Murshidabad,2106.0,5774,Suti - II,True
21,West Bengal,309,Malda,Uttar Dinajpur,2118.0,5775,Chopra,True
21,West Bengal,309,Malda,Uttar Dinajpur,2118.0,5776,Goalpokhar - I,True
21,West Bengal,309,Malda,Uttar Dinajpur,2118.0,5777,Goalpokhar - II,True
21,West Bengal,309,Malda,Uttar Dinajpur,2118.0,5778,Hemtabad,True
21,West Bengal,309,Malda,Uttar Dinajpur,2118.0,5779,Islampur,True
21,West Bengal,309,Malda,Uttar Dinajpur,2118.0,5780,Itahar,True
21,West Bengal,309,Malda,Uttar Dinajpur,2118.0,5781,Kaliaganj,True
21,West Bengal,309,Malda,Uttar Dinajpur,2118.0,5782,Karandighi,True
21,West Bengal,309,Malda,Uttar Dinajpur,2118.0,5783,Raiganj,True
21,West Bengal,310,Medinipur,Bankura,2114.0,5784,Bankura - I,True
21,West Bengal,310,Medinipur,Bankura,2114.0,5785,Bankura - II,True
21,West Bengal,310,Medinipur,Bankura,2114.0,5786,Barjora,True
21,West Bengal,310,Medinipur,Bankura,2114.0,5787,Chhatna,True
21,West Bengal,310,Medinipur,Bankura,2114.0,5788,Gangajalghati,True
21,West Bengal,310,Medinipur,Bankura,2114.0,5789,Hirbandh,True
21,West Bengal,310,Medinipur,Bankura,2114.0,5790,Indpur,True
21,West Bengal,310,Medinipur,Bankura,2114.0,5791,Indus,True
21,West Bengal,310,Medinipur,Bankura,2114.0,5792,Jaypur,True
21,West Bengal,310,Medinipur,Bankura,2114.0,5793,Khatra,True
21,West Bengal,310,Medinipur,Bankura,2114.0,5794,Kotulpur,True
21,West Bengal,310,Medinipur,Bankura,2114.0,5795,Mejhia,True
21,West Bengal,310,Medinipur,Bankura,2114.0,5796,Onda,True
21,West Bengal,310,Medinipur,Bankura,2114.0,5797,Patrasayer,True
21,West Bengal,310,Medinipur,Bankura,2114.0,5798,Raipur,True
21,West Bengal,310,Medinipur,Bankura,2114.0,5799,Ranibundh,True
21,West Bengal,310,Medinipur,Bankura,2114.0,5800,Saltora,True
21,West Bengal,310,Medinipur,Bankura,2114.0,5801,Sarenga,True
21,West Bengal,310,Medinipur,Bankura,2114.0,5802,Simlapal,True
21,West Bengal,310,Medinipur,Bankura,2114.0,5803,Sonamukhi,True
21,West Bengal,310,Medinipur,Bankura,2114.0,5804,Taldangra,True
21,West Bengal,310,Medinipur,Bankura,2114.0,5805,Vishnupur,True
21,West Bengal,310,Medinipur,Jhargram,2122.0,5806,Binpur-i,True
21,West Bengal,310,Medinipur,Jhargram,2122.0,5807,Binpur-ii,True
21,West Bengal,310,Medinipur,Jhargram,2122.0,5808,Gopiballav Pur -ii,True
21,West Bengal,310,Medinipur,Jhargram,2122.0,5809,Gopiballavpur-i,True
21,West Bengal,310,Medinipur,Jhargram,2122.0,5810,Jambani,True
21,West Bengal,310,Medinipur,Jhargram,2122.0,5811,Jhargram,True
21,West Bengal,310,Medinipur,Jhargram,2122.0,5812,Nayagram,True
21,West Bengal,310,Medinipur,Jhargram,2122.0,5813,Sankrail,True
21,West Bengal,310,Medinipur,Paschim Medinipur,2116.0,5814,Binpur - I,True
21,West Bengal,310,Medinipur,Paschim Medinipur,2116.0,5815,Binpur - II,True
21,West Bengal,310,Medinipur,Paschim Medinipur,2116.0,5816,Chandrakona - I,True
21,West Bengal,310,Medinipur,Paschim Medinipur,2116.0,5817,Chandrakona - II,True
21,West Bengal,310,Medinipur,Paschim Medinipur,2116.0,5818,Dantan - I,True
21,West Bengal,310,Medinipur,Paschim Medinipur,2116.0,5819,Dantan - II,True
21,West Bengal,310,Medinipur,Paschim Medinipur,2116.0,5820,Daspur - I,True
21,West Bengal,310,Medinipur,Paschim Medinipur,2116.0,5821,Daspur - II,True
21,West Bengal,310,Medinipur,Paschim Medinipur,2116.0,5822,Debra,True
21,West Bengal,310,Medinipur,Paschim Medinipur,2116.0,5823,Garbeta - I,True
21,West Bengal,310,Medinipur,Paschim Medinipur,2116.0,5824,Garbeta - II,True
21,West Bengal,310,Medinipur,Paschim Medinipur,2116.0,5825,Garbeta - III,True
21,West Bengal,310,Medinipur,Paschim Medinipur,2116.0,5826,Ghatal,True
21,West Bengal,310,Medinipur,Paschim Medinipur,2116.0,5827,Gopiballavpur - I,True
21,West Bengal,310,Medinipur,Paschim Medinipur,2116.0,5828,Gopiballavpur - II,True
21,West Bengal,310,Medinipur,Paschim Medinipur,2116.0,5829,Jamboni,True
21,West Bengal,310,Medinipur,Paschim Medinipur,2116.0,5830,Jhargram,True
21,West Bengal,310,Medinipur,Paschim Medinipur,2116.0,5831,Keshiary,True
21,West Bengal,310,Medinipur,Paschim Medinipur,2116.0,5832,Keshpur,True
21,West Bengal,310,Medinipur,Paschim Medinipur,2116.0,5833,Kharagpur - I,True
21,West Bengal,310,Medinipur,Paschim Medinipur,2116.0,5834,Kharagpur - II,True
21,West Bengal,310,Medinipur,Paschim Medinipur,2116.0,5835,Midnapore,True
21,West Bengal,310,Medinipur,Paschim Medinipur,2116.0,5836,Mohanpur,True
21,West Bengal,310,Medinipur,Paschim Medinipur,2116.0,5837,Narayangarh,True
21,West Bengal,310,Medinipur,Paschim Medinipur,2116.0,5838,Nayagram,True
21,West Bengal,310,Medinipur,Paschim Medinipur,2116.0,5839,Paschim Medinipur,True
21,West Bengal,310,Medinipur,Paschim Medinipur,2116.0,5840,Pingla,True
21,West Bengal,310,Medinipur,Paschim Medinipur,2116.0,5841,Sabang,True
21,West Bengal,310,Medinipur,Paschim Medinipur,2116.0,5842,Salbani,True
21,West Bengal,310,Medinipur,Paschim Medinipur,2116.0,5843,Sankrail,True
21,West Bengal,310,Medinipur,Purba Medinipur,2117.0,5844,Bhagawanpur - I,True
21,West Bengal,310,Medinipur,Purba Medinipur,2117.0,5845,Bhagawanpur - II,True
21,West Bengal,310,Medinipur,Purba Medinipur,2117.0,5846,Chandipur,True
21,West Bengal,310,Medinipur,Purba Medinipur,2117.0,5847,Contai - I,True
21,West Bengal,310,Medinipur,Purba Medinipur,2117.0,5848,Contai - III,True
21,West Bengal,310,Medinipur,Purba Medinipur,2117.0,5849,Deshopran,True
21,West Bengal,310,Medinipur,Purba Medinipur,2117.0,5850,Egra - I,True
21,West Bengal,310,Medinipur,Purba Medinipur,2117.0,5851,Egra - II,True
21,West Bengal,310,Medinipur,Purba Medinipur,2117.0,5852,Haldia,True
21,West Bengal,310,Medinipur,Purba Medinipur,2117.0,5853,Khejuri - I,True
21,West Bengal,310,Medinipur,Purba Medinipur,2117.0,5854,Khejuri - II,True
21,West Bengal,310,Medinipur,Purba Medinipur,2117.0,5855,Kolaghat,True
21,West Bengal,310,Medinipur,Purba Medinipur,2117.0,5856,Mahisadal,True
21,West Bengal,310,Medinipur,Purba Medinipur,2117.0,5857,Moyna,True
21,West Bengal,310,Medinipur,Purba Medinipur,2117.0,5858,Nanda Kumar,True
21,West Bengal,310,Medinipur,Purba Medinipur,2117.0,5859,Nandigram - I,True
21,West Bengal,310,Medinipur,Purba Medinipur,2117.0,5860,Nandigram - II,True
21,West Bengal,310,Medinipur,Purba Medinipur,2117.0,5861,Panskura,True
21,West Bengal,310,Medinipur,Purba Medinipur,2117.0,5862,Potashpur - I,True
21,West Bengal,310,Medinipur,Purba Medinipur,2117.0,5863,Potashpur - II,True
21,West Bengal,310,Medinipur,Purba Medinipur,2117.0,5864,Purba Medinipur,True
21,West Bengal,310,Medinipur,Purba Medinipur,2117.0,5865,Ramnagar - I,True
21,West Bengal,310,Medinipur,Purba Medinipur,2117.0,5866,Ramnagar - II,True
21,West Bengal,310,Medinipur,Purba Medinipur,2117.0,5867,Sahid Matangini,True
21,West Bengal,310,Medinipur,Purba Medinipur,2117.0,5868,Sutahata,True
21,West Bengal,310,Medinipur,Purba Medinipur,2117.0,5869,Tamluk,True
21,West Bengal,310,Medinipur,Purulia,2115.0,5870,Arsha,True
21,West Bengal,310,Medinipur,Purulia,2115.0,5871,Bagmundi,True
21,West Bengal,310,Medinipur,Purulia,2115.0,5872,Balarampur,True
21,West Bengal,310,Medinipur,Purulia,2115.0,5873,Bandwan,True
21,West Bengal,310,Medinipur,Purulia,2115.0,5874,Barabazar,True
21,West Bengal,310,Medinipur,Purulia,2115.0,5875,Barabazar,True
21,West Bengal,310,Medinipur,Purulia,2115.0,5876,Bundwan,True
21,West Bengal,310,Medinipur,Purulia,2115.0,5877,Hura,True
21,West Bengal,310,Medinipur,Purulia,2115.0,5878,Jaipur,True
21,West Bengal,310,Medinipur,Purulia,2115.0,5879,jhalda,True
21,West Bengal,310,Medinipur,Purulia,2115.0,5880,Jhalda - I,True
21,West Bengal,310,Medinipur,Purulia,2115.0,5881,Jhalda - II,True
21,West Bengal,310,Medinipur,Purulia,2115.0,5882,Kashipur,True
21,West Bengal,310,Medinipur,Purulia,2115.0,5883,Manbazar - I,True
21,West Bengal,310,Medinipur,Purulia,2115.0,5884,Manbazar - II,True
21,West Bengal,310,Medinipur,Purulia,2115.0,5885,Manbazar-I,True
21,West Bengal,310,Medinipur,Purulia,2115.0,5886,Manbazar-II,True
21,West Bengal,310,Medinipur,Purulia,2115.0,5887,Neturia,True
21,West Bengal,310,Medinipur,Purulia,2115.0,5888,Para,True
21,West Bengal,310,Medinipur,Purulia,2115.0,5889,Puncha,True
21,West Bengal,310,Medinipur,Purulia,2115.0,5890,Purulia - I,True
21,West Bengal,310,Medinipur,Purulia,2115.0,5891,Purulia - II,True
21,West Bengal,310,Medinipur,Purulia,2115.0,5892,Raghunathpur - I,True
21,West Bengal,310,Medinipur,Purulia,2115.0,5893,Raghunathpur - II,True
21,West Bengal,310,Medinipur,Purulia,2115.0,5894,Santuri,True
21,West Bengal,311,Presidency,Howrah,2110.0,5895,Amta - I,True
21,West Bengal,311,Presidency,Howrah,2110.0,5896,Amta - II,True
21,West Bengal,311,Presidency,Howrah,2110.0,5897,Bagnan - I,True
21,West Bengal,311,Presidency,Howrah,2110.0,5898,Bagnan - II,True
21,West Bengal,311,Presidency,Howrah,2110.0,5899,Bally Jagachha,True
21,West Bengal,311,Presidency,Howrah,2110.0,5900,Domjur,True
21,West Bengal,311,Presidency,Howrah,2110.0,5901,Jagatballavpur,True
21,West Bengal,311,Presidency,Howrah,2110.0,5902,Panchla,True
21,West Bengal,311,Presidency,Howrah,2110.0,5903,Sankrail,True
21,West Bengal,311,Presidency,Howrah,2110.0,5904,Shyampur - I,True
21,West Bengal,311,Presidency,Howrah,2110.0,5905,Shyampur - II,True
21,West Bengal,311,Presidency,Howrah,2110.0,5906,Udaynarayanpur,True
21,West Bengal,311,Presidency,Howrah,2110.0,5907,Uluberia - I,True
21,West Bengal,311,Presidency,Howrah,2110.0,5908,Uluberia - II,True
21,West Bengal,311,Presidency,Nadia,2107.0,5910,Chakdah,True
21,West Bengal,311,Presidency,Nadia,2107.0,5911,Chapra,True
21,West Bengal,311,Presidency,Nadia,2107.0,5912,Hanskhali,True
21,West Bengal,311,Presidency,Nadia,2107.0,5913,Haringhata,True
21,West Bengal,311,Presidency,Nadia,2107.0,5914,Kaliganj,True
21,West Bengal,311,Presidency,Nadia,2107.0,5915,Karimpur - I,True
21,West Bengal,311,Presidency,Nadia,2107.0,5916,Karimpur - II,True
21,West Bengal,311,Presidency,Nadia,2107.0,5917,Krishnaganj,True
21,West Bengal,311,Presidency,Nadia,2107.0,5918,Krishnagar - I,True
21,West Bengal,311,Presidency,Nadia,2107.0,5919,Krishnagar - II,True
21,West Bengal,311,Presidency,Nadia,2107.0,5920,Nabadwip,True
21,West Bengal,311,Presidency,Nadia,2107.0,5921,Nakashipara,True
21,West Bengal,311,Presidency,Nadia,2107.0,5922,Ranaghat - I,True
21,West Bengal,311,Presidency,Nadia,2107.0,5923,Ranaghat - II,True
21,West Bengal,311,Presidency,Nadia,2107.0,5924,Santipur,True
21,West Bengal,311,Presidency,Nadia,2107.0,5925,Tehatta - I,True
21,West Bengal,311,Presidency,Nadia,2107.0,5926,Tehatta - II,True
21,West Bengal,311,Presidency,North 24 Parganas,2108.0,5927,Amdanga,True
21,West Bengal,311,Presidency,North 24 Parganas,2108.0,5928,Baduria,True
21,West Bengal,311,Presidency,North 24 Parganas,2108.0,5929,Bagda,True
21,West Bengal,311,Presidency,North 24 Parganas,2108.0,5930,Barasat - I,True
21,West Bengal,311,Presidency,North 24 Parganas,2108.0,5931,Barasat - II,True
21,West Bengal,311,Presidency,North 24 Parganas,2108.0,5932,Barrackpur - I,True
21,West Bengal,311,Presidency,North 24 Parganas,2108.0,5933,Barrackpur - II,True
21,West Bengal,311,Presidency,North 24 Parganas,2108.0,5934,Basirhat - I,True
21,West Bengal,311,Presidency,North 24 Parganas,2108.0,5935,Basirhat - II,True
21,West Bengal,311,Presidency,North 24 Parganas,2108.0,5936,Bongaon,True
21,West Bengal,311,Presidency,North 24 Parganas,2108.0,5937,Deganga,True
21,West Bengal,311,Presidency,North 24 Parganas,2108.0,5938,Gaighata,True
21,West Bengal,311,Presidency,North 24 Parganas,2108.0,5939,Habra - I,True
21,West Bengal,311,Presidency,North 24 Parganas,2108.0,5940,Habra - II,True
21,West Bengal,311,Presidency,North 24 Parganas,2108.0,5941,Haroa,True
21,West Bengal,311,Presidency,North 24 Parganas,2108.0,5942,Hasnabad,True
21,West Bengal,311,Presidency,North 24 Parganas,2108.0,5943,Hingalganj,True
21,West Bengal,311,Presidency,North 24 Parganas,2108.0,5944,Minakhan,True
21,West Bengal,311,Presidency,North 24 Parganas,2108.0,5945,Rajarhat,True
21,West Bengal,311,Presidency,North 24 Parganas,2108.0,5946,Sandeskhali - I,True
21,West Bengal,311,Presidency,North 24 Parganas,2108.0,5947,Sandeskhali - II,True
21,West Bengal,311,Presidency,North 24 Parganas,2108.0,5948,Swarupnagar,True
21,West Bengal,311,Presidency,South 24 Parganas,2109.0,5949,Baruipur,True
21,West Bengal,311,Presidency,South 24 Parganas,2109.0,5950,Basanti,True
21,West Bengal,311,Presidency,South 24 Parganas,2109.0,5951,Bhangar - I,True
21,West Bengal,311,Presidency,South 24 Parganas,2109.0,5952,Bhangar - II,True
21,West Bengal,311,Presidency,South 24 Parganas,2109.0,5953,Bishnupur - I,True
21,West Bengal,311,Presidency,South 24 Parganas,2109.0,5954,Bishnupur - II,True
21,West Bengal,311,Presidency,South 24 Parganas,2109.0,5955,Budge Budge - I,True
21,West Bengal,311,Presidency,South 24 Parganas,2109.0,5956,Budge Budge - II,True
21,West Bengal,311,Presidency,South 24 Parganas,2109.0,5957,Canning - I,True
21,West Bengal,311,Presidency,South 24 Parganas,2109.0,5958,Canning - II,True
21,West Bengal,311,Presidency,South 24 Parganas,2109.0,5959,Diamond Harbour - I,True
21,West Bengal,311,Presidency,South 24 Parganas,2109.0,5960,Diamond Harbour - II,True
21,West Bengal,311,Presidency,South 24 Parganas,2109.0,5961,Falta,True
21,West Bengal,311,Presidency,South 24 Parganas,2109.0,5962,Gosaba,True
21,West Bengal,311,Presidency,South 24 Parganas,2109.0,5963,Jaynagar - I,True
21,West Bengal,311,Presidency,South 24 Parganas,2109.0,5964,Jaynagar - II,True
21,West Bengal,311,Presidency,South 24 Parganas,2109.0,5965,Kakdwip,True
21,West Bengal,311,Presidency,South 24 Parganas,2109.0,5966,Kulpi,True
21,West Bengal,311,Presidency,South 24 Parganas,2109.0,5967,Kultali,True
21,West Bengal,311,Presidency,South 24 Parganas,2109.0,5968,Magrahat - I,True
21,West Bengal,311,Presidency,South 24 Parganas,2109.0,5969,Magrahat - II,True
21,West Bengal,311,Presidency,South 24 Parganas,2109.0,5970,Mandirbazar,True
21,West Bengal,311,Presidency,South 24 Parganas,2109.0,5971,Mathurapur - I,True
21,West Bengal,311,Presidency,South 24 Parganas,2109.0,5972,Mathurapur - II,True
21,West Bengal,311,Presidency,South 24 Parganas,2109.0,5973,Namkhana,True
21,West Bengal,311,Presidency,South 24 Parganas,2109.0,5974,Patharpratima,True
21,West Bengal,311,Presidency,South 24 Parganas,2109.0,5975,Sagar,True
21,West Bengal,311,Presidency,South 24 Parganas,2109.0,5976,Sonarpur,True
21,West Bengal,311,Presidency,South 24 Parganas,2109.0,5977,Thakurpukur Mahestola,True
